,ndvi,ndsi,ndbi,albedo,awei,gemi,LST,ndvi_lag,ndsi_lag,ndbi_lag,albedo_lag,awei_lag,gemi_lag,LST_lag,community,period,year
0,0.13084829274412332,-0.08872685101031691,-0.04643046724863401,12606.214178503446,-57022.32128703528,-15511387.246159786,45578.98053411939,0.1358292984655466,-0.07252192026574647,-0.06534995911041137,13020.64118808543,-56103.44652559307,-18344979.579947524,39851.60207858308,1.0,1.0,2018.0
1,0.13584610907285563,-0.07182449493414768,-0.06745666050676696,13881.77686621357,-58614.58464605691,-20179014.172944568,40368.21346958048,0.14425576946636426,-0.07713694738167481,-0.06821845462940054,12779.097098332111,-55750.592606195736,-20316463.220680557,40624.05231691736,2.0,1.0,2018.0
2,0.19459864880464436,-0.12025127639887445,-0.07514079623914525,11369.739325817629,-59033.97656249999,-32870593.834503975,33246.44748651733,0.1256511387289616,-0.07381162013092529,-0.05492020117756191,13036.012640146655,-56206.22316842297,-15389619.883080276,46456.78860391115,3.0,1.0,2018.0
3,0.1284541864242348,-0.051505543352652026,-0.07715274663338259,14212.724106515248,-55787.92762080262,-18635526.129405696,42855.00958646969,0.13950054722780705,-0.08385175740344335,-0.05874070194520664,12902.164194063447,-57609.81454569091,-19358856.296699297,44159.27098168118,4.0,1.0,2018.0
4,0.10406685285894741,-0.07302712539222597,-0.037191141563854425,13971.221952495218,-59352.39715619696,-11435452.77781509,56829.61365981636,0.1250592424513779,-0.07813918982801828,-0.05165845581303769,13522.778945747943,-58590.302565717444,-16191997.58876893,49910.47556867033,5.0,1.0,2018.0
5,0.13427102777442662,-0.0974944661814779,-0.04209365879895486,11800.598991618861,-56092.259491563054,-14976555.63814984,46807.540481772834,0.14336627936798707,-0.08684191564924124,-0.05984678739659414,12705.396620778121,-57179.12042641877,-19898561.575777374,44127.880121138325,6.0,1.0,2018.0
6,0.14634542938412165,-0.10258371745321247,-0.049902465149994295,11267.901098284388,-54542.180366175504,-16652673.561384736,43580.44975174995,0.10620688165568491,-0.0801246545771489,-0.03369832199585031,12871.442955254615,-56604.46188729667,-10640068.736171996,57731.68723164613,7.0,1.0,2018.0
7,0.08316936908871103,-0.07021446241618143,-0.02234058268719308,11684.362994021561,-50029.33235294118,-5158992.226432967,70466.4020648026,0.11517015701915866,-0.08890539982043755,-0.033724324900090204,11694.87530855223,-53290.929209890804,-10623590.253623432,54778.00927873751,8.0,1.0,2018.0
8,0.1277354053390609,-0.0646187161589859,-0.0659216259095151,14059.017699915095,-58122.33679593721,-18206750.441861887,48266.72995706356,0.15109689972908574,-0.08015862756774618,-0.07530259348751298,13390.660497381012,-58629.62293224113,-24248440.832199916,42162.07440719673,9.0,1.0,2018.0
9,0.15109689972908574,-0.08015862756774618,-0.07530259348751298,13390.660497381012,-58629.62293224113,-24248440.832199916,42162.07440719673,0.13356597496088884,-0.06394913871857737,-0.07253158209701281,14558.671542202457,-58967.430430035354,-20990031.066342667,48530.4815623132,10.0,1.0,2018.0
10,0.135100514187937,-0.07913086881614713,-0.06080520236979542,13027.098215703338,-56789.02483196415,-17795392.218189698,46437.42267712514,0.14698498485754824,-0.07662877242081897,-0.0731624960590714,13335.726979057104,-57430.93914996908,-23548095.10142386,44833.85782619406,11.0,1.0,2018.0
11,0.18500337734606698,-0.08954913861257796,-0.09463334865077172,12985.924711302878,-58412.344618907424,-35326661.0967918,34831.18371239949,0.13374355714464328,-0.07574423303158362,-0.06174324043918562,13347.137557996128,-57477.081294507516,-18668550.898149982,47132.52908524741,12.0,1.0,2018.0
12,0.18190811083886135,-0.09509604956638507,-0.08604734692152975,12137.944598352458,-56599.8131118158,-30607994.520206258,34727.22845949467,0.14322617910010926,-0.07415633252948203,-0.07082626829970662,13566.35819985162,-57960.69607118921,-22327670.279654868,41495.277118558995,13.0,1.0,2018.0
13,0.12360104355727965,-0.08374615321855045,-0.04406231740790519,13185.007115374783,-59027.92739898989,-15169479.719477406,47926.70170578633,0.13503121700380108,-0.07091859265741898,-0.06654442770298481,13608.321714971831,-57328.096999959496,-20032605.437174246,46797.46378001031,14.0,1.0,2018.0
14,0.10485467749749207,-0.060178551082132804,-0.04955154603892949,13630.595728487426,-55250.84989875869,-11069183.375279875,57508.31535898594,0.11968338801215281,-0.06591821460233016,-0.05814914135422608,14354.54675136375,-58885.30342693956,-16544823.864462592,52494.120451007,15.0,1.0,2018.0
15,0.10590009705720389,-0.056155147938540116,-0.0546904364094409,14711.519192677762,-58565.249593275475,-13120814.72354675,54033.431902895725,0.11896068422689399,-0.06971389445218314,-0.05351488517576649,14055.951958668853,-58898.07632591587,-16082546.463563707,51913.98857359837,16.0,1.0,2018.0
16,0.08068819483206754,-0.013191978691275771,-0.07023969112661993,17478.654960164953,-57400.36618597247,-9858033.805593528,68460.54847479833,0.0885457045546569,-0.03511921128836747,-0.05814535315165499,16085.915829037465,-58151.42642505163,-10411050.756098643,65350.95482089524,17.0,1.0,2018.0
17,0.07040975744292657,-0.0020600252350290575,-0.07023173696205343,16882.020676078548,-52599.40021193924,-6798634.531009453,76548.05039414193,0.08373012899588547,-0.03478522868845571,-0.05428951407066712,17227.97144642503,-62185.93555566846,-10492239.999109536,66852.75738658514,18.0,1.0,2018.0
18,0.0924937803077185,-0.05574043754970954,-0.04403197814766805,15668.401369695372,-62209.44011617595,-11145064.609577952,62760.86362778847,0.09665650126346373,-0.04928623296879481,-0.05251166072267888,15342.983723852798,-58339.36898798819,-11087519.506395034,61988.07304676199,19.0,1.0,2018.0
19,0.11499670879679617,-0.08391377738951018,-0.03858101536738139,13425.221694627171,-59792.77124329158,-13398320.878061019,53008.69105625556,0.09707739006900382,-0.060260630866577465,-0.04356645161465798,15183.80961575916,-60955.89506980148,-11263763.465787705,60219.952502890155,20.0,1.0,2018.0
20,0.07174794310744084,-0.04607697211763259,-0.03343208056814065,16980.96840187925,-64662.316344463965,-7543201.268115077,70438.40493547519,0.10512980555365473,-0.07009907317087061,-0.04181393465950363,14190.434043403942,-59680.25028518327,-12130431.053747702,56066.8888294158,21.0,1.0,2018.0
21,0.09555556350167142,-0.06730024196320618,-0.036793145297337806,14653.77333381562,-61010.58314796906,-10567135.835567951,60395.818698695584,0.11368496439426728,-0.0831897274792789,-0.037841481030776294,13332.853654325296,-58822.038070175215,-12503196.425756544,54180.36559927698,22.0,1.0,2018.0
22,0.13098125716362968,-0.1009497955904392,-0.037869101903375654,12104.55127434393,-58044.826023110254,-14927322.866269207,47065.97293922155,0.11375102195305246,-0.07933602363099086,-0.04111005054349791,14051.017371878894,-60634.90579204627,-13678278.186880182,54669.72102180996,23.0,1.0,2018.0
23,0.11397159505466799,-0.09258697693265301,-0.03007308163191136,12247.257504321818,-56537.73728781304,-11062207.202894136,54159.06125314327,0.1184196802548029,-0.08954182180625493,-0.036569688338699585,12331.257377015198,-56322.458309466994,-12686898.50029632,54015.24857582235,24.0,1.0,2018.0
24,0.07800841184787041,-0.035423269824381834,-0.048596872937713385,18536.858009414766,-66948.00036485697,-10473621.582157131,69336.86005716867,0.11515914316764114,-0.07548476421631584,-0.04538858978046283,13741.718998912289,-58520.787730918484,-13599111.512912154,54482.60709394775,25.0,1.0,2018.0
25,0.14480632689887707,-0.10953018422897937,-0.04029332162340278,12158.607949621917,-60086.79630125971,-18691268.755375907,42679.673532772125,0.12567036616779115,-0.08698617706188616,-0.044297824579763834,13629.980513630275,-60310.832740164755,-15611332.58253323,50395.5757341858,26.0,1.0,2018.0
26,0.15642476726376572,-0.11085727752849599,-0.0494009387990706,11667.0017416556,-57859.01208295761,-20410328.44452718,40347.07892684604,0.1250135805279983,-0.0978253515884587,-0.03453435720656231,12266.37631547291,-57901.933597113115,-13943958.86586291,50194.573562452446,27.0,1.0,2018.0
27,0.09804169512691792,-0.08534543588599434,-0.023111896195226068,12609.953819970086,-56448.81588364838,-8404938.0675959,62235.76907361835,0.11319130093961664,-0.09077993649214203,-0.03049221961700074,11855.871022629175,-54445.28706585562,-10886499.825967433,56540.207493986,28.0,1.0,2018.0
28,0.1372670283958988,-0.10071436530422763,-0.0413243846788957,12211.5110291068,-58391.49248973418,-16634057.437179394,44832.3910135069,0.10943514637410781,-0.08173899441718682,-0.03538683591166973,13589.3737123782,-59246.91520894783,-12256904.010373458,57799.22241739673,29.0,1.0,2018.0
29,0.09270282556107527,-0.06377752749961821,-0.03673501235033255,14056.322071835675,-57918.552235124465,-9136033.947792267,62233.401030326015,0.10049281135738156,-0.07918497619420924,-0.0315413726909779,13671.230000943506,-59348.046278887276,-10421165.244232528,63035.12824037454,30.0,1.0,2018.0
30,0.08662685154614054,-0.08550027153565125,-0.014182973564272984,12507.498681771156,-56220.314385839876,-6425233.264792365,69962.55188364923,0.11000095377825747,-0.08956414157512432,-0.030145036678813603,12450.801729837698,-56681.06830999078,-10748233.576249897,57082.05692648263,31.0,1.0,2018.0
31,0.10232190851092708,-0.07510546900989037,-0.03180985662322908,10654.38881163262,-45634.983301926295,-6374542.182618958,59136.757036438474,0.10222624131369368,-0.0849591114466545,-0.02699898678120128,12165.274419670275,-54580.519394013514,-8995553.106595557,61094.22771123564,32.0,1.0,2018.0
32,0.12546765972545212,-0.09931743603778771,-0.0355444814611847,12201.50644501918,-57263.40994545101,-13422729.025757805,50580.51199528597,0.1130345007354695,-0.09347387034149321,-0.028257968013311492,11748.655157417275,-54164.00913077324,-10786827.523454744,58249.1569911263,33.0,1.0,2018.0
33,0.10028122793136988,-0.09194323317224873,-0.01926145749024843,11673.440973504667,-53626.01468018177,-7603908.823536669,62836.90577821555,0.12360752971555618,-0.10391084759560316,-0.0291820299806765,11885.552332841828,-56847.6679605624,-13031092.107053509,54124.709533995076,34.0,1.0,2018.0
34,0.177900820561992,-0.12947494210368132,-0.05292365619358088,11297.993500207844,-58889.917402269864,-25125515.27872983,37073.80118370989,0.14373279858632496,-0.11717473723704797,-0.034267077973712264,11537.743609234538,-57730.122240007004,-17093878.79097441,47405.2987022794,35.0,1.0,2018.0
35,0.1896470158307503,-0.14362871451979503,-0.049952437933475584,11034.791300688137,-60225.839153889836,-27708402.637369666,34969.25118947669,0.17233026479063943,-0.12814653018763844,-0.04836187369917412,11169.276843972877,-57990.33049799934,-22822514.31569344,38327.65845523305,36.0,1.0,2018.0
36,0.11644375583528888,-0.1026735745547551,-0.024184624943752637,11208.332431531957,-53467.82129000969,-9703443.423228253,55644.53146588486,0.148168422619607,-0.11395973681177637,-0.04062463464582019,11383.745481674297,-56365.02973285928,-18016164.84535001,47165.650569318925,37.0,1.0,2018.0
37,0.15953529085772744,-0.1338095652183604,-0.03230993500994036,11241.235717726167,-59805.225180505404,-19640474.67723349,41234.52584613939,0.16300033922994334,-0.11924407586312068,-0.04845383105352895,11276.740200755368,-56711.29126189607,-21609145.96604453,42489.79803950185,38.0,1.0,2018.0
38,0.17955468295219887,-0.1211550832408736,-0.059852029894001124,10968.601313984624,-55275.848911222776,-23701552.99111701,36674.64833584989,0.18158929454662026,-0.13081781579716162,-0.05381624596576499,11257.512225946164,-58881.16543252346,-26192518.980733365,36608.306339748044,39.0,1.0,2018.0
39,0.2008658115716452,-0.12914529588218585,-0.07139298106111246,11147.613680193148,-57860.506119881036,-31904148.07510059,32996.673845033634,0.1692980837336523,-0.12020615305107982,-0.05227141651420938,11100.530527031286,-56049.168760859364,-22057756.553413283,39842.642550297234,40.0,1.0,2018.0
40,0.17630905992635817,-0.11668768756830515,-0.06160962985853155,11606.408205177206,-57633.09127581756,-25517050.53322971,37232.774478342486,0.1832956141668439,-0.12675899017758469,-0.05801340350138608,11149.505339987929,-57489.504829755555,-26137556.066265617,36274.65012827034,41.0,1.0,2018.0
41,0.1932266712858041,-0.1229260163689188,-0.06849866804049039,11240.570648047777,-57016.43910741302,-29304048.521611374,34192.75248605845,0.17637427207535855,-0.1201246519220974,-0.058397583207315806,11226.479101679826,-56552.104388692045,-24329301.959671326,37567.89845446395,42.0,1.0,2018.0
42,0.16819688963212232,-0.1226780774888377,-0.04909322369012712,11117.499867079192,-56240.19682802699,-20983537.916260697,39324.25508271683,0.17850484917297954,-0.12235616145888617,-0.05822918980424532,10887.801989346017,-55151.85713665064,-23319280.550709296,37211.4817521706,43.0,1.0,2018.0
43,0.14298674078667314,-0.09586088251166142,-0.053470534337262655,12641.031829313817,-58748.56212407124,-19251777.89173829,44553.895742851506,0.1559237307307385,-0.10236483436166897,-0.05850223193314663,11582.53779966463,-54701.88798002669,-19439781.779955443,42055.009430425904,44.0,1.0,2018.0
44,0.17968033834812216,-0.12109866732794644,-0.06431006546728947,10728.209899998248,-54139.107550055625,-23148976.67213267,37121.776109867504,0.1649263628067959,-0.11676827773329507,-0.05243248390181396,11326.860062717325,-56333.71172416292,-20979843.697801508,39856.53946882537,45.0,1.0,2018.0
45,0.18098705988668337,-0.1334124153896185,-0.04861352748970927,10548.032755068285,-54977.25855809128,-21911625.694998834,36813.50800099361,0.16245418901693326,-0.10916106007615059,-0.05720083405003103,11124.66921305594,-53702.819450888725,-19513826.093185145,40332.097526793164,46.0,1.0,2018.0
46,0.17323255548189698,-0.12373717238249109,-0.055110912253491816,11395.553142082637,-58578.510553337146,-24400546.54936992,37560.38269994749,0.15399632771323774,-0.0952133370456694,-0.06340898703841696,11991.217060072488,-55218.954621173856,-20130959.73936677,42005.85810992369,47.0,1.0,2018.0
47,0.16402960388209106,-0.11293357187810081,-0.056812207420800794,11224.648128490262,-54983.11895040828,-20419102.820347022,40169.30487467997,0.16443567927174205,-0.11133138214099443,-0.05682200270546491,11418.257488479388,-55675.322314949386,-21103020.910472907,39758.068809624456,48.0,1.0,2018.0
48,0.1274735801691477,-0.05453548651309776,-0.0765074956802296,13484.40830841096,-53070.420879676436,-16387529.724184642,48544.772998779146,0.14428799203501547,-0.08681474042881351,-0.06213772255197614,12912.58433214864,-57487.73399696383,-20039589.468215622,44328.45737544805,49.0,1.0,2018.0
49,0.16451600123805793,-0.10430364094995537,-0.06674864534534801,12090.544378287688,-58439.345433639945,-24776193.583673198,38904.617438901834,0.15233240176166385,-0.08585469935609391,-0.06877091806746972,12491.050467924293,-55515.74973228353,-21377107.928179003,41754.58588083529,50.0,1.0,2018.0
50,0.14529170185533458,-0.08254777309325463,-0.06260497397957131,11778.45981593395,-51933.172789191616,-16802177.74412481,42740.78149446218,0.17017177668771669,-0.11062563658229363,-0.06224378034731773,11342.984248336745,-55144.59952617092,-22619447.827452417,38232.58054669748,51.0,1.0,2018.0
51,0.15507241136699615,-0.10654721059261336,-0.053183699692366415,10774.52835377805,-51218.50113676111,-16215335.313060528,42304.370072239326,0.17210393238667773,-0.10893575597687245,-0.06186522711406742,10796.098315460968,-52081.66623043753,-20469652.191601478,37752.58796847451,52.0,1.0,2018.0
52,0.09896580408439644,-0.0347519814831063,-0.06929162542480516,16768.274682336156,-60965.27837587686,-14557680.634886203,56888.23776866766,0.14753924247835376,-0.0743199580202692,-0.07477440706078864,12682.31496075974,-53990.84233447672,-20489688.655962147,42828.21796314308,53.0,1.0,2018.0
53,0.16333176954027614,-0.08259836543553215,-0.08086029035658618,13305.780605269625,-58480.894706928935,-27918177.695036646,38172.406330152364,0.1452560245529904,-0.07739719229743167,-0.06990598406057516,12836.697912069885,-54748.556964482916,-19043746.96450993,44156.37682215572,54.0,1.0,2018.0
54,0.1900330354180153,-0.11084707944774423,-0.07437717987292168,10061.802375380672,-49334.5673440297,-22695153.13568079,33703.47440996775,0.1545652942542023,-0.09056444970713337,-0.06554965467617463,11952.922924993874,-53877.52287762721,-20311896.917407326,41072.51929895129,55.0,1.0,2018.0
55,0.08941528808646261,-0.05578257234966481,-0.042849409270520576,16721.094382865274,-66070.31792941758,-11761550.738236735,65482.421674620804,0.09153304803136185,-0.06613501022830896,-0.03555982154111172,14838.287547447027,-61282.287299542455,-9919435.353854988,67081.26751017907,56.0,1.0,2018.0
56,0.06463714098581616,-0.04895222110758587,-0.027725049874334606,15865.942146319032,-61444.06325875825,-5417259.7290864475,86137.20363923998,0.09557056045634585,-0.06779956837000546,-0.03732773620973365,14644.060138689261,-60918.62256702308,-10583975.86848946,62146.84117232406,57.0,1.0,2018.0
57,0.10045231761979966,-0.08205400913019462,-0.02981980385683228,12627.219511672482,-56132.36441165198,-9016285.836106729,60582.52255577151,0.0999663843320957,-0.07931585457907486,-0.030920189353512102,13497.796803901752,-58705.95128480031,-9985550.045332214,62698.972396862984,58.0,1.0,2018.0
58,0.12455824151017163,-0.10210641773793123,-0.03334661490101122,12094.114253926295,-57829.72519792183,-13272604.459993495,51213.67867545889,0.10164368039540697,-0.08559770742120855,-0.026714138890360044,12605.410413083922,-56499.706243839864,-9180151.22630836,61100.579717645815,59.0,1.0,2018.0
59,0.1012366343553744,-0.09125470783299204,-0.022016642496777886,12132.345733666405,-55838.171636212624,-8495311.012036923,62141.275289677855,0.11102196994352317,-0.09752510362163458,-0.024358386616573958,11837.410481441593,-55506.600820864696,-9966616.40847286,58048.1631264026,60.0,1.0,2018.0
60,0.12719977289464496,-0.10540202110758656,-0.03081626218358451,11703.666066473883,-56389.12855037032,-12827892.070813512,50583.147828804445,0.1303272374217468,-0.1003138820942914,-0.03836184372206612,11921.688446415466,-56334.82926399859,-14620296.753767591,51444.92059618165,61.0,1.0,2018.0
61,0.09971181055804586,-0.06958416450054422,-0.03990671936124917,15171.604588383614,-63553.25569189828,-12422032.951822111,60289.019428577914,0.09324104283545431,-0.06917304986430808,-0.03459254706018823,14566.209131692704,-60788.155097574716,-9869123.389504887,66237.11093572802,62.0,1.0,2018.0
62,0.10432804726877552,-0.07988835856460674,-0.03372869323979968,13085.429818602619,-57586.619673689216,-10397793.8930253,58473.804291984416,0.11461882757348782,-0.08225345177616167,-0.04076334429271394,13560.823814684176,-59408.306354151035,-13422660.26239397,56196.11590317491,63.0,1.0,2018.0
63,0.12211998145720282,-0.09821659585847141,-0.03510319110744936,12625.756300531068,-59716.28796220772,-13942952.34009239,52622.7098142071,0.08920686007972585,-0.05850375967517804,-0.04036175454798756,16121.503867138212,-64467.61699034647,-10954160.496846855,66631.81491391434,64.0,1.0,2018.0
64,0.07849348159466911,-0.050144542175325095,-0.03832913501219292,16471.81263016575,-63779.27734972356,-8678897.800481718,74124.00363854431,0.11111900647788858,-0.07802591204267852,-0.04200110186753544,14048.910343464382,-60805.24136710266,-13451656.16989234,56154.73316583218,65.0,1.0,2018.0
65,0.11647571551783002,-0.07431946456104421,-0.04822214835939309,13490.43343438232,-57777.84171276176,-13759468.676536178,52740.74490089996,0.12277311428605228,-0.08446205753265275,-0.04570369753188023,13256.921061310539,-58655.3078560389,-14940855.590271212,53398.13867384029,66.0,1.0,2018.0
66,0.1653798672559374,-0.11201650918227529,-0.05748599698303172,11900.206657027005,-58817.970408500325,-23831384.23860358,38857.25706645133,0.1357792626239991,-0.09634200064196785,-0.04549916919472216,12062.34254053525,-55878.053756493166,-15596094.530671593,48643.000267450014,67.0,1.0,2018.0
67,0.1998917981068801,-0.1322035976572848,-0.06795052963325748,10404.170718481511,-54671.13223000452,-27625254.413378853,33201.374828042724,0.1501692523434483,-0.10852025146586343,-0.04702542932475824,11437.037692371945,-55662.59938590733,-18424900.45357406,44502.5716842426,68.0,1.0,2018.0
68,0.16012532717130856,-0.11198754674906093,-0.051494498219492126,11034.394654269761,-54474.62333104261,-18912471.3140943,40717.89041176285,0.17369274700901594,-0.11625844265087884,-0.06021345925530223,11272.444186835659,-55948.784367870336,-23655401.01283237,38515.23679744131,69.0,1.0,2018.0
69,0.13466319597901463,-0.0903643164217397,-0.05219644986680077,13199.1435360214,-60127.125232641374,-18426138.41964134,47319.69888470288,0.13428979178648567,-0.08274919669495165,-0.05651937246899151,13062.912563770122,-56928.96197141915,-17211730.27301075,51592.857124471644,70.0,1.0,2018.0
70,0.13100097933186475,-0.0898965613193169,-0.04677821255757605,11628.012664735914,-52965.54661563999,-13370063.59960412,48215.9294875185,0.15407143597552125,-0.09616303550628352,-0.06199575244682895,12336.655783363105,-56909.26454173792,-21123492.54848329,42865.67780882906,71.0,1.0,2018.0
71,0.21118899070157882,-0.1166362187241204,-0.09274799394680401,10661.391525796509,-53193.18220755128,-33038491.015420984,31290.750470923806,0.1383428395651537,-0.08580755415299632,-0.05806076614405965,12883.609252476694,-57553.33519905096,-18552897.239171144,45856.33649779047,72.0,1.0,2018.0
72,0.12845770809132104,-0.07754329723626718,-0.05788612499518909,14214.721386564655,-61302.52274939173,-18878917.242751453,48564.71497504735,0.15536898198205717,-0.08672357216717819,-0.07074728433253995,11757.642116885505,-52412.59027992313,-19989860.721968725,42454.7318794298,73.0,1.0,2018.0
73,0.14577993669793063,-0.08540757367548006,-0.06648760815518222,14119.412706462856,-62950.269980756886,-24926008.385193646,43413.864581185895,0.18150068421360813,-0.10123112041814905,-0.07985171454617708,10959.073747197574,-51807.19681218804,-25100924.78204307,36529.11251571077,74.0,1.0,2018.0
74,0.15181237772563744,-0.08582602211217771,-0.06695543514555015,11256.755968598636,-50421.2114168248,-17163358.548665155,41767.47456049773,0.14237320394887493,-0.07377491152641434,-0.07258416964044202,13849.641721914228,-58296.33483865064,-21557725.400487386,45740.468158920776,75.0,1.0,2018.0
75,0.08642460297049044,-0.022497831286598487,-0.06876615145796901,18162.64554188852,-62546.015473332634,-12631320.508527294,64586.58990266462,0.11589254728057664,-0.04667530312951097,-0.07277114230706645,15434.657728772981,-58014.994559106795,-17053237.318896722,55311.311440997524,76.0,1.0,2018.0
76,0.13581248785823755,-0.07321934559734526,-0.06324325771405578,12159.505509957291,-53592.30840512924,-16510944.986950481,39334.99068758568,0.14743680926146452,-0.08307704142399777,-0.06654516765698221,13017.613619262473,-57614.7025290987,-21799130.345753506,40512.16276917172,77.0,1.0,2018.0
77,0.13084829274412332,-0.08872685101031691,-0.04643046724863401,12606.214178503446,-57022.32128703528,-15511387.246159788,45578.98053411939,0.1358292984655466,-0.07252192026574647,-0.06534995911041137,13020.64118808543,-56103.44652559307,-18344979.579947524,39851.60207858308,1.0,2.0,2018.0
78,0.13584610907285563,-0.07182449493414768,-0.06745666050676696,13881.77686621357,-58614.58464605691,-20179014.172944568,40368.21346958048,0.14425576946636426,-0.07713694738167481,-0.06821845462940053,12779.097098332111,-55750.59260619573,-20316463.220680557,40624.05231691736,2.0,2.0,2018.0
79,0.19459864880464436,-0.12025127639887445,-0.07514079623914525,11369.739325817629,-59033.97656249999,-32870593.834503975,33246.44748651733,0.1256511387289616,-0.07381162013092529,-0.05492020117756192,13036.012640146655,-56206.22316842296,-15389619.883080278,46456.78860391115,3.0,2.0,2018.0
80,0.1284541864242348,-0.05150554335265202,-0.07715274663338259,14212.724106515248,-55787.92762080261,-18635526.129405696,42855.00958646969,0.13950054722780705,-0.08385175740344335,-0.05874070194520664,12902.164194063447,-57609.81454569091,-19358856.296699297,44159.27098168118,4.0,2.0,2018.0
81,0.10406685285894741,-0.07302712539222597,-0.037191141563854425,13971.22195249522,-59352.39715619695,-11435452.77781509,56829.61365981636,0.1250592424513779,-0.07813918982801828,-0.05165845581303769,13522.778945747943,-58590.302565717444,-16191997.58876893,49910.47556867033,5.0,2.0,2018.0
82,0.13427102777442662,-0.0974944661814779,-0.04209365879895487,11800.59899161886,-56092.25949156306,-14976555.63814984,46807.540481772834,0.14336627936798707,-0.08684191564924124,-0.05984678739659414,12705.396620778121,-57179.120426418755,-19898561.575777374,44127.880121138325,6.0,2.0,2018.0
83,0.14634542938412165,-0.10258371745321247,-0.049902465149994295,11267.901098284388,-54542.1803661755,-16652673.561384736,43580.44975174995,0.10620688165568491,-0.0801246545771489,-0.03369832199585031,12871.442955254617,-56604.46188729667,-10640068.736171996,57731.68723164613,7.0,2.0,2018.0
84,0.08316936908871103,-0.07021446241618143,-0.02234058268719308,11684.362994021561,-50029.33235294118,-5158992.226432967,70466.4020648026,0.11517015701915867,-0.08890539982043755,-0.033724324900090204,11694.87530855223,-53290.929209890804,-10623590.253623433,54778.00927873751,8.0,2.0,2018.0
85,0.1277354053390609,-0.0646187161589859,-0.0659216259095151,14059.017699915095,-58122.33679593721,-18206750.441861887,48266.72995706356,0.15109689972908574,-0.08015862756774618,-0.07530259348751298,13390.660497381012,-58629.62293224113,-24248440.832199916,42162.07440719673,9.0,2.0,2018.0
86,0.15109689972908574,-0.08015862756774618,-0.07530259348751298,13390.660497381012,-58629.62293224113,-24248440.832199916,42162.07440719673,0.13356597496088884,-0.06394913871857737,-0.07253158209701281,14558.671542202457,-58967.430430035354,-20990031.066342667,48530.4815623132,10.0,2.0,2018.0
87,0.135100514187937,-0.07913086881614713,-0.06080520236979542,13027.098215703338,-56789.024831964154,-17795392.218189698,46437.42267712514,0.14698498485754824,-0.07662877242081897,-0.0731624960590714,13335.726979057104,-57430.93914996908,-23548095.10142386,44833.85782619406,11.0,2.0,2018.0
88,0.18500337734606698,-0.08954913861257796,-0.09463334865077172,12985.924711302878,-58412.344618907424,-35326661.0967918,34831.18371239949,0.13374355714464328,-0.07574423303158362,-0.061743240439185616,13347.13755799613,-57477.081294507516,-18668550.898149982,47132.52908524741,12.0,2.0,2018.0
89,0.18190811083886135,-0.09509604956638507,-0.08604734692152974,12137.94459835246,-56599.8131118158,-30607994.520206258,34727.22845949467,0.14322617910010926,-0.07415633252948202,-0.07082626829970662,13566.35819985162,-57960.6960711892,-22327670.279654868,41495.277118558995,13.0,2.0,2018.0
90,0.12360104355727965,-0.08374615321855045,-0.04406231740790519,13185.007115374783,-59027.92739898989,-15169479.719477404,47926.70170578633,0.13503121700380108,-0.07091859265741898,-0.0665444277029848,13608.321714971831,-57328.096999959496,-20032605.437174246,46797.46378001031,14.0,2.0,2018.0
91,0.10485467749749207,-0.06017855108213281,-0.04955154603892949,13630.595728487428,-55250.84989875869,-11069183.375279875,57508.31535898594,0.11968338801215281,-0.06591821460233016,-0.05814914135422608,14354.54675136375,-58885.303426939565,-16544823.864462592,52494.120451007,15.0,2.0,2018.0
92,0.10590009705720389,-0.056155147938540116,-0.05469043640944089,14711.519192677762,-58565.249593275475,-13120814.72354675,54033.431902895725,0.11896068422689399,-0.06971389445218314,-0.05351488517576649,14055.951958668853,-58898.07632591587,-16082546.463563707,51913.98857359837,16.0,2.0,2018.0
93,0.08068819483206754,-0.01319197869127577,-0.07023969112661993,17478.654960164953,-57400.36618597247,-9858033.805593528,68460.54847479833,0.0885457045546569,-0.03511921128836747,-0.05814535315165499,16085.915829037467,-58151.42642505163,-10411050.756098643,65350.95482089524,17.0,2.0,2018.0
94,0.07040975744292657,-0.0020600252350290575,-0.07023173696205343,16882.020676078548,-52599.40021193924,-6798634.531009452,76548.05039414193,0.08373012899588547,-0.03478522868845571,-0.05428951407066712,17227.97144642503,-62185.93555566846,-10492239.999109536,66852.75738658514,18.0,2.0,2018.0
95,0.0924937803077185,-0.05574043754970954,-0.04403197814766805,15668.401369695373,-62209.44011617595,-11145064.609577952,62760.86362778847,0.09665650126346373,-0.04928623296879481,-0.05251166072267888,15342.983723852798,-58339.36898798819,-11087519.506395034,61988.07304676199,19.0,2.0,2018.0
96,0.11499670879679617,-0.0839137773895102,-0.03858101536738139,13425.22169462717,-59792.77124329157,-13398320.878061019,53008.69105625556,0.09707739006900382,-0.060260630866577465,-0.04356645161465798,15183.809615759163,-60955.89506980148,-11263763.465787705,60219.952502890155,20.0,2.0,2018.0
97,0.07174794310744084,-0.04607697211763259,-0.03343208056814065,16980.96840187925,-64662.316344463965,-7543201.268115077,70438.40493547519,0.10512980555365471,-0.07009907317087061,-0.04181393465950362,14190.434043403944,-59680.25028518327,-12130431.053747702,56066.8888294158,21.0,2.0,2018.0
98,0.09555556350167141,-0.06730024196320618,-0.036793145297337806,14653.773333815621,-61010.58314796906,-10567135.835567951,60395.818698695584,0.11368496439426728,-0.0831897274792789,-0.037841481030776294,13332.853654325296,-58822.03807017521,-12503196.425756544,54180.36559927698,22.0,2.0,2018.0
99,0.13098125716362968,-0.1009497955904392,-0.037869101903375654,12104.55127434393,-58044.826023110254,-14927322.866269205,47065.97293922155,0.11375102195305246,-0.07933602363099086,-0.04111005054349791,14051.017371878894,-60634.90579204627,-13678278.186880182,54669.72102180996,23.0,2.0,2018.0
100,0.113971595054668,-0.09258697693265301,-0.03007308163191136,12247.25750432182,-56537.73728781304,-11062207.202894136,54159.06125314327,0.1184196802548029,-0.08954182180625492,-0.036569688338699585,12331.257377015198,-56322.458309466994,-12686898.50029632,54015.24857582235,24.0,2.0,2018.0
101,0.07800841184787041,-0.035423269824381834,-0.04859687293771338,18536.858009414766,-66948.00036485697,-10473621.582157131,69336.86005716867,0.11515914316764114,-0.07548476421631584,-0.04538858978046283,13741.718998912289,-58520.787730918484,-13599111.512912154,54482.60709394775,25.0,2.0,2018.0
102,0.14480632689887707,-0.10953018422897937,-0.04029332162340278,12158.607949621917,-60086.79630125971,-18691268.755375907,42679.673532772125,0.12567036616779115,-0.08698617706188616,-0.044297824579763834,13629.980513630275,-60310.832740164755,-15611332.582533225,50395.5757341858,26.0,2.0,2018.0
103,0.15642476726376572,-0.11085727752849599,-0.0494009387990706,11667.0017416556,-57859.01208295761,-20410328.44452718,40347.07892684604,0.1250135805279983,-0.0978253515884587,-0.03453435720656231,12266.37631547291,-57901.933597113115,-13943958.86586291,50194.573562452446,27.0,2.0,2018.0
104,0.09804169512691792,-0.08534543588599433,-0.023111896195226068,12609.953819970086,-56448.81588364838,-8404938.0675959,62235.76907361835,0.11319130093961664,-0.09077993649214203,-0.03049221961700074,11855.871022629175,-54445.28706585562,-10886499.825967435,56540.207493986,28.0,2.0,2018.0
105,0.1372670283958988,-0.10071436530422763,-0.0413243846788957,12211.5110291068,-58391.49248973418,-16634057.437179394,44832.3910135069,0.10943514637410783,-0.08173899441718682,-0.035386835911669724,13589.3737123782,-59246.91520894783,-12256904.010373458,57799.22241739673,29.0,2.0,2018.0
106,0.09270282556107526,-0.06377752749961821,-0.03673501235033255,14056.322071835675,-57918.552235124465,-9136033.947792267,62233.401030326015,0.10049281135738156,-0.07918497619420924,-0.0315413726909779,13671.230000943506,-59348.046278887276,-10421165.244232528,63035.12824037454,30.0,2.0,2018.0
107,0.08662685154614055,-0.08550027153565123,-0.014182973564272984,12507.498681771158,-56220.31438583987,-6425233.264792366,69962.55188364923,0.11000095377825746,-0.08956414157512432,-0.030145036678813603,12450.801729837698,-56681.06830999078,-10748233.576249897,57082.05692648263,31.0,2.0,2018.0
108,0.10232190851092708,-0.07510546900989037,-0.03180985662322908,10654.38881163262,-45634.983301926295,-6374542.182618959,59136.757036438474,0.10222624131369368,-0.0849591114466545,-0.02699898678120128,12165.274419670277,-54580.519394013514,-8995553.106595557,61094.22771123564,32.0,2.0,2018.0
109,0.12546765972545212,-0.09931743603778773,-0.0355444814611847,12201.506445019182,-57263.40994545101,-13422729.025757805,50580.51199528597,0.1130345007354695,-0.09347387034149321,-0.02825796801331149,11748.655157417275,-54164.00913077324,-10786827.523454744,58249.1569911263,33.0,2.0,2018.0
110,0.10028122793136987,-0.09194323317224873,-0.01926145749024843,11673.440973504667,-53626.01468018176,-7603908.82353667,62836.90577821555,0.12360752971555618,-0.10391084759560316,-0.029182029980676497,11885.552332841828,-56847.6679605624,-13031092.107053509,54124.709533995076,34.0,2.0,2018.0
111,0.177900820561992,-0.12947494210368132,-0.05292365619358087,11297.993500207844,-58889.917402269864,-25125515.27872983,37073.80118370989,0.14373279858632493,-0.11717473723704797,-0.034267077973712264,11537.743609234538,-57730.122240007004,-17093878.79097441,47405.2987022794,35.0,2.0,2018.0
112,0.1896470158307503,-0.14362871451979503,-0.049952437933475584,11034.791300688137,-60225.839153889836,-27708402.637369666,34969.25118947669,0.1723302647906394,-0.12814653018763844,-0.048361873699174114,11169.276843972879,-57990.33049799935,-22822514.31569344,38327.65845523305,36.0,2.0,2018.0
113,0.11644375583528888,-0.1026735745547551,-0.02418462494375264,11208.332431531959,-53467.82129000969,-9703443.423228253,55644.53146588486,0.14816842261960697,-0.11395973681177637,-0.04062463464582019,11383.745481674297,-56365.02973285928,-18016164.84535001,47165.650569318925,37.0,2.0,2018.0
114,0.15953529085772744,-0.1338095652183604,-0.03230993500994036,11241.23571772617,-59805.22518050541,-19640474.67723349,41234.52584613939,0.1630003392299433,-0.11924407586312068,-0.04845383105352895,11276.740200755368,-56711.29126189607,-21609145.96604453,42489.79803950185,38.0,2.0,2018.0
115,0.17955468295219884,-0.1211550832408736,-0.059852029894001124,10968.601313984622,-55275.848911222776,-23701552.991117008,36674.64833584989,0.18158929454662026,-0.13081781579716162,-0.05381624596576499,11257.512225946166,-58881.165432523456,-26192518.980733365,36608.306339748044,39.0,2.0,2018.0
116,0.2008658115716452,-0.12914529588218585,-0.07139298106111246,11147.613680193148,-57860.506119881036,-31904148.07510059,32996.673845033634,0.1692980837336523,-0.12020615305107982,-0.05227141651420938,11100.530527031286,-56049.168760859364,-22057756.553413283,39842.642550297234,40.0,2.0,2018.0
117,0.17630905992635817,-0.11668768756830515,-0.06160962985853155,11606.408205177206,-57633.091275817555,-25517050.53322971,37232.774478342486,0.18329561416684392,-0.12675899017758463,-0.05801340350138608,11149.505339987929,-57489.504829755555,-26137556.066265613,36274.65012827034,41.0,2.0,2018.0
118,0.19322667128580412,-0.12292601636891878,-0.06849866804049039,11240.570648047778,-57016.43910741301,-29304048.52161137,34192.75248605845,0.17637427207535855,-0.1201246519220974,-0.05839758320731582,11226.479101679828,-56552.104388692045,-24329301.959671326,37567.89845446395,42.0,2.0,2018.0
119,0.16819688963212232,-0.12267807748883772,-0.04909322369012713,11117.499867079194,-56240.19682802699,-20983537.916260697,39324.25508271683,0.17850484917297954,-0.12235616145888617,-0.05822918980424532,10887.801989346019,-55151.85713665063,-23319280.550709296,37211.4817521706,43.0,2.0,2018.0
120,0.14298674078667314,-0.09586088251166142,-0.05347053433726266,12641.031829313815,-58748.56212407124,-19251777.89173829,44553.895742851506,0.1559237307307385,-0.10236483436166897,-0.058502231933146645,11582.53779966463,-54701.88798002667,-19439781.779955443,42055.009430425904,44.0,2.0,2018.0
121,0.1796803383481222,-0.12109866732794644,-0.06431006546728947,10728.209899998248,-54139.10755005562,-23148976.67213267,37121.776109867504,0.1649263628067959,-0.11676827773329507,-0.05243248390181396,11326.860062717325,-56333.71172416292,-20979843.697801508,39856.53946882537,45.0,2.0,2018.0
122,0.18098705988668337,-0.1334124153896185,-0.04861352748970927,10548.032755068285,-54977.25855809128,-21911625.694998834,36813.50800099361,0.16245418901693326,-0.10916106007615059,-0.05720083405003103,11124.66921305594,-53702.819450888725,-19513826.093185145,40332.097526793164,46.0,2.0,2018.0
123,0.17323255548189698,-0.12373717238249109,-0.05511091225349181,11395.553142082637,-58578.510553337146,-24400546.54936992,37560.38269994749,0.15399632771323776,-0.0952133370456694,-0.06340898703841696,11991.217060072488,-55218.95462117385,-20130959.73936677,42005.85810992369,47.0,2.0,2018.0
124,0.16402960388209106,-0.11293357187810081,-0.056812207420800794,11224.648128490262,-54983.11895040829,-20419102.820347022,40169.30487467997,0.16443567927174207,-0.11133138214099443,-0.056822002705464905,11418.257488479388,-55675.32231494938,-21103020.910472907,39758.068809624456,48.0,2.0,2018.0
125,0.1274735801691477,-0.05453548651309776,-0.0765074956802296,13484.40830841096,-53070.420879676436,-16387529.724184642,48544.772998779146,0.14428799203501547,-0.08681474042881351,-0.06213772255197614,12912.58433214864,-57487.73399696383,-20039589.468215622,44328.45737544805,49.0,2.0,2018.0
126,0.16451600123805793,-0.10430364094995537,-0.06674864534534801,12090.544378287688,-58439.345433639945,-24776193.583673198,38904.617438901834,0.15233240176166385,-0.08585469935609391,-0.06877091806746972,12491.050467924293,-55515.74973228353,-21377107.928179003,41754.58588083529,50.0,2.0,2018.0
127,0.14529170185533458,-0.08254777309325463,-0.06260497397957131,11778.45981593395,-51933.17278919161,-16802177.74412481,42740.78149446218,0.17017177668771669,-0.11062563658229363,-0.06224378034731773,11342.984248336745,-55144.59952617092,-22619447.827452417,38232.58054669748,51.0,2.0,2018.0
128,0.15507241136699615,-0.10654721059261336,-0.053183699692366415,10774.52835377805,-51218.50113676111,-16215335.313060528,42304.370072239326,0.17210393238667773,-0.10893575597687245,-0.06186522711406742,10796.098315460968,-52081.66623043753,-20469652.191601478,37752.58796847451,52.0,2.0,2018.0
129,0.09896580408439644,-0.0347519814831063,-0.06929162542480516,16768.274682336156,-60965.27837587685,-14557680.634886203,56888.23776866766,0.14753924247835376,-0.0743199580202692,-0.07477440706078864,12682.31496075974,-53990.84233447672,-20489688.655962147,42828.21796314308,53.0,2.0,2018.0
130,0.16333176954027614,-0.08259836543553215,-0.08086029035658618,13305.780605269625,-58480.894706928935,-27918177.695036646,38172.406330152364,0.1452560245529904,-0.07739719229743167,-0.06990598406057516,12836.697912069885,-54748.556964482916,-19043746.96450993,44156.37682215572,54.0,2.0,2018.0
131,0.1900330354180153,-0.11084707944774423,-0.07437717987292168,10061.802375380672,-49334.5673440297,-22695153.13568079,33703.47440996775,0.1545652942542023,-0.09056444970713337,-0.06554965467617463,11952.922924993874,-53877.52287762721,-20311896.917407326,41072.51929895129,55.0,2.0,2018.0
132,0.08941528808646261,-0.055782572349664813,-0.042849409270520576,16721.094382865274,-66070.31792941758,-11761550.738236735,65482.421674620804,0.09153304803136185,-0.06613501022830896,-0.03555982154111172,14838.287547447027,-61282.287299542455,-9919435.353854988,67081.26751017907,56.0,2.0,2018.0
133,0.06463714098581616,-0.04895222110758587,-0.027725049874334606,15865.942146319032,-61444.06325875825,-5417259.7290864475,86137.20363923998,0.09557056045634583,-0.06779956837000546,-0.03732773620973365,14644.060138689261,-60918.62256702308,-10583975.868489461,62146.84117232406,57.0,2.0,2018.0
134,0.10045231761979966,-0.08205400913019462,-0.02981980385683228,12627.21951167248,-56132.36441165198,-9016285.836106729,60582.52255577151,0.0999663843320957,-0.07931585457907486,-0.030920189353512102,13497.796803901752,-58705.95128480031,-9985550.045332212,62698.972396862984,58.0,2.0,2018.0
135,0.12455824151017161,-0.10210641773793123,-0.03334661490101122,12094.114253926295,-57829.72519792183,-13272604.459993495,51213.67867545889,0.10164368039540697,-0.08559770742120854,-0.026714138890360044,12605.410413083919,-56499.70624383986,-9180151.22630836,61100.579717645815,59.0,2.0,2018.0
136,0.10123663435537442,-0.09125470783299204,-0.022016642496777886,12132.345733666403,-55838.171636212624,-8495311.012036923,62141.275289677855,0.11102196994352317,-0.09752510362163458,-0.02435838661657396,11837.410481441593,-55506.600820864696,-9966616.408472858,58048.1631264026,60.0,2.0,2018.0
137,0.12719977289464496,-0.10540202110758656,-0.030816262183584513,11703.666066473883,-56389.12855037032,-12827892.07081351,50583.147828804445,0.1303272374217468,-0.1003138820942914,-0.03836184372206613,11921.688446415466,-56334.82926399859,-14620296.753767591,51444.92059618165,61.0,2.0,2018.0
138,0.09971181055804586,-0.06958416450054422,-0.03990671936124917,15171.604588383614,-63553.25569189828,-12422032.951822113,60289.019428577914,0.09324104283545431,-0.06917304986430808,-0.03459254706018823,14566.209131692704,-60788.155097574716,-9869123.389504887,66237.11093572802,62.0,2.0,2018.0
139,0.10432804726877552,-0.07988835856460674,-0.03372869323979968,13085.429818602617,-57586.619673689216,-10397793.8930253,58473.804291984416,0.11461882757348782,-0.08225345177616167,-0.04076334429271394,13560.823814684176,-59408.306354151035,-13422660.262393972,56196.11590317491,63.0,2.0,2018.0
140,0.12211998145720282,-0.09821659585847141,-0.03510319110744936,12625.756300531068,-59716.28796220772,-13942952.34009239,52622.7098142071,0.08920686007972585,-0.05850375967517804,-0.04036175454798756,16121.503867138212,-64467.61699034647,-10954160.496846855,66631.81491391434,64.0,2.0,2018.0
141,0.07849348159466911,-0.050144542175325095,-0.03832913501219292,16471.81263016575,-63779.27734972356,-8678897.800481718,74124.00363854431,0.11111900647788858,-0.07802591204267852,-0.04200110186753544,14048.91034346438,-60805.24136710265,-13451656.16989234,56154.73316583218,65.0,2.0,2018.0
142,0.11647571551783002,-0.07431946456104421,-0.04822214835939309,13490.433434382318,-57777.84171276176,-13759468.676536178,52740.74490089996,0.12277311428605228,-0.08446205753265275,-0.04570369753188023,13256.921061310539,-58655.3078560389,-14940855.590271212,53398.13867384029,66.0,2.0,2018.0
143,0.1653798672559374,-0.11201650918227529,-0.05748599698303172,11900.206657027005,-58817.970408500325,-23831384.238603584,38857.25706645133,0.1357792626239991,-0.09634200064196785,-0.04549916919472216,12062.34254053525,-55878.053756493166,-15596094.530671595,48643.000267450014,67.0,2.0,2018.0
144,0.1998917981068801,-0.1322035976572848,-0.06795052963325748,10404.170718481511,-54671.13223000452,-27625254.413378857,33201.374828042724,0.1501692523434483,-0.10852025146586343,-0.04702542932475825,11437.037692371945,-55662.59938590733,-18424900.45357406,44502.5716842426,68.0,2.0,2018.0
145,0.16012532717130856,-0.11198754674906095,-0.05149449821949213,11034.394654269761,-54474.6233310426,-18912471.3140943,40717.89041176285,0.173692747009016,-0.11625844265087884,-0.060213459255302235,11272.444186835659,-55948.784367870336,-23655401.01283237,38515.23679744131,69.0,2.0,2018.0
146,0.13466319597901463,-0.0903643164217397,-0.05219644986680077,13199.143536021398,-60127.12523264137,-18426138.41964134,47319.69888470288,0.13428979178648567,-0.08274919669495165,-0.05651937246899151,13062.912563770122,-56928.96197141915,-17211730.27301075,51592.857124471644,70.0,2.0,2018.0
147,0.13100097933186475,-0.0898965613193169,-0.04677821255757605,11628.012664735914,-52965.54661563999,-13370063.59960412,48215.9294875185,0.15407143597552125,-0.09616303550628352,-0.06199575244682895,12336.655783363101,-56909.26454173792,-21123492.54848329,42865.67780882906,71.0,2.0,2018.0
148,0.21118899070157882,-0.11663621872412042,-0.09274799394680401,10661.391525796509,-53193.18220755128,-33038491.01542098,31290.750470923806,0.1383428395651537,-0.08580755415299632,-0.05806076614405965,12883.609252476694,-57553.335199050955,-18552897.239171144,45856.33649779047,72.0,2.0,2018.0
149,0.12845770809132104,-0.07754329723626718,-0.05788612499518909,14214.721386564655,-61302.52274939173,-18878917.242751453,48564.71497504735,0.15536898198205717,-0.08672357216717819,-0.07074728433253995,11757.642116885505,-52412.590279923126,-19989860.721968725,42454.7318794298,73.0,2.0,2018.0
150,0.14577993669793063,-0.08540757367548006,-0.06648760815518222,14119.412706462856,-62950.269980756886,-24926008.385193646,43413.864581185895,0.18150068421360813,-0.10123112041814906,-0.07985171454617708,10959.073747197574,-51807.196812188035,-25100924.78204307,36529.11251571077,74.0,2.0,2018.0
151,0.15181237772563744,-0.08582602211217771,-0.06695543514555015,11256.755968598636,-50421.21141682479,-17163358.548665155,41767.47456049773,0.14237320394887493,-0.07377491152641436,-0.07258416964044202,13849.641721914228,-58296.33483865064,-21557725.400487386,45740.468158920776,75.0,2.0,2018.0
152,0.08642460297049044,-0.022497831286598487,-0.06876615145796901,18162.64554188852,-62546.015473332634,-12631320.508527294,64586.58990266462,0.11589254728057664,-0.04667530312951097,-0.07277114230706645,15434.657728772981,-58014.994559106795,-17053237.318896722,55311.311440997524,76.0,2.0,2018.0
153,0.13581248785823755,-0.07321934559734526,-0.06324325771405578,12159.505509957291,-53592.30840512924,-16510944.986950483,39334.99068758568,0.14743680926146452,-0.08307704142399777,-0.06654516765698221,13017.613619262473,-57614.7025290987,-21799130.345753506,40512.16276917172,77.0,2.0,2018.0
154,0.1171434575755885,-0.11726536427100316,-0.005519197937169646,12164.488451022553,-60931.221032270245,-11303060.108368138,57474.73630043976,0.13898327711793668,-0.1184525428564393,-0.024479248662212943,11599.897909712618,-58538.95396503506,-15468632.875211298,50846.593674334654,1.0,1.0,2017.0
155,0.16022998201162197,-0.12030984851633557,-0.041703097087779514,11498.420283381618,-57973.187383085555,-20111155.09165648,44216.68203313367,0.1518405971219851,-0.12197141589523611,-0.031970447099510725,11588.037449579231,-59134.33406901543,-19260360.927711774,48104.11848362385,2.0,1.0,2017.0
156,0.17159139980563698,-0.13116657189678022,-0.04229129358376076,11414.449438888498,-61010.93374255952,-24243411.23056148,40789.92331747949,0.13198953604415492,-0.11571368274045876,-0.021025996558414632,11539.241381781745,-57940.238724799725,-13880995.296118721,53679.14134189779,3.0,1.0,2017.0
157,0.16990262264343697,-0.12374609722454921,-0.046211697496089,11399.629988327628,-58380.50361725361,-22680393.726503387,41810.185219786494,0.14604055551077388,-0.11906174701945715,-0.030769737356089674,11482.302606241721,-58254.93807300793,-17389569.565346014,49616.62027698228,4.0,1.0,2017.0
158,0.12271364445605777,-0.10547217069529577,-0.022639318022047675,11604.53702892932,-55800.98026315789,-11428509.751322225,57217.18362491166,0.13319509371531685,-0.11670162491786308,-0.022659448183753574,11565.709774349143,-58318.83347543789,-14446664.723747231,54240.00420584595,5.0,1.0,2017.0
159,0.11760530485287353,-0.11704122584544704,-0.007997570478875483,11451.422973826413,-58474.750471802836,-10588967.047883162,58212.691207357384,0.14604942838644164,-0.11857160823367877,-0.03111858210983383,11407.861781198457,-57969.68711137284,-17246495.853846587,49228.79980780961,6.0,1.0,2017.0
160,0.11999004664063484,-0.11390159311808984,-0.01333201933743788,11212.830668648376,-56686.330822520344,-10633668.70699926,57097.90706906082,0.10722495693320491,-0.1077759095168355,-0.008528724160311436,11668.076396476601,-57001.55832628403,-8968745.148077143,64706.43685642432,7.0,1.0,2017.0
161,0.08516681573413337,-0.09605472785351754,-0.000802262009355917,11406.459942588006,-53825.8794117647,-5224334.369320134,76673.94138840496,0.105882206420707,-0.10304766385007326,-0.011596618673673495,11608.340564647078,-55675.117230847834,-8462055.79805188,64881.06901655033,8.0,1.0,2017.0
162,0.1833157542656546,-0.12699642551051615,-0.06063942225977926,10833.59210338493,-56440.16966759003,-25188071.45942081,40184.241491674,0.18778552581537064,-0.12645762889656095,-0.06452196526769757,10924.906512485457,-56679.3252544934,-26887691.538705796,39163.4195729766,9.0,1.0,2017.0
163,0.18778552581537064,-0.12645762889656095,-0.06452196526769757,10924.906512485457,-56679.3252544934,-26887691.538705796,39163.4195729766,0.18331484522293956,-0.12762023104508502,-0.05752832941668133,11087.472825600737,-57932.17416016458,-26211482.59789978,40401.093401946346,10.0,1.0,2017.0
164,0.1650744192908688,-0.11849737866399972,-0.05107233388462336,11123.999410036871,-56111.65496639282,-20658181.36447095,44147.86311683138,0.1879889286588346,-0.12328855540097318,-0.06460312635672807,10861.610885889528,-55648.3035352311,-26759469.800934523,39933.905934132104,11.0,1.0,2017.0
165,0.225373889226356,-0.1288649173329489,-0.0867663736479949,10445.049929854204,-54479.90688038382,-36247513.51241893,32333.551308364425,0.16368580946279432,-0.12023450825653764,-0.047064426457736716,11241.99962111926,-57041.931811362556,-21101246.666239034,45106.00105471727,12.0,1.0,2017.0
166,0.20257973604466356,-0.13027896488884896,-0.06889549272813789,11086.655822923123,-58120.89107955329,-32231879.21720945,35655.04709873352,0.17149341323387543,-0.12256407962684826,-0.04858507507842625,11258.6798037207,-57407.94013351047,-23119395.909144834,43131.19920171024,13.0,1.0,2017.0
167,0.13046715905408682,-0.11733545543355936,-0.019659132081841595,11691.619013319358,-58798.1626533189,-13438521.306000542,54164.37824555638,0.16946298482371508,-0.11953329529964996,-0.05045841944639822,11193.448289664171,-56553.973125794255,-22663250.46308358,44086.87759100031,14.0,1.0,2017.0
168,0.15080737093477717,-0.11454311997340974,-0.042521040154491756,11214.876215328924,-55785.678470816085,-17143204.351678845,48304.746921055295,0.15773167298428603,-0.11825819385412899,-0.04348988571061649,11240.564354908478,-56606.38015412839,-19593956.063944705,47717.71998413901,15.0,1.0,2017.0
169,0.1454006456369991,-0.11429450168284716,-0.03571659462962813,11409.940752621824,-56755.878443600865,-16248002.219368644,49200.551373150476,0.14598417599425217,-0.11536939411188028,-0.03483300784245169,11423.634728580302,-56911.5350893339,-17205388.525658257,51679.966862760404,16.0,1.0,2017.0
170,0.18349851567291237,-0.1262075664028512,-0.06123852416071407,10940.273795210704,-56689.059626369504,-25575080.14613267,40215.77241623508,0.1511934920379232,-0.12057295108315594,-0.03832714039428753,11453.93779988425,-58438.17720779477,-18366436.197878443,48305.32849439571,17.0,1.0,2017.0
171,0.15979396704296492,-0.12020292628963183,-0.04665255398633894,11128.6309374399,-56598.816054397736,-19440909.265272833,46010.84511778442,0.1551611790966918,-0.11921349532827975,-0.042384580024906734,11273.731032659398,-56960.432024178226,-18771021.79978273,47772.2216117787,18.0,1.0,2017.0
172,0.1346773120650719,-0.11142355539670691,-0.0324997795619916,11524.99418764123,-56671.249179673636,-14129467.119273668,53967.00424782756,0.14626740455725623,-0.11820796426379891,-0.03531136113349895,11331.903781437479,-57096.24551693189,-16737975.76067108,50742.63420995364,19.0,1.0,2017.0
173,0.11962976994370739,-0.11118398206598971,-0.017476462007521756,11548.073395675161,-56738.74932915922,-10860926.779947534,59994.919181007805,0.1293376719249843,-0.11335698886364379,-0.024397754100062057,11607.88069424617,-57488.86910962663,-13238394.466282448,56292.31734000702,20.0,1.0,2017.0
174,0.10299477570134301,-0.10644001605740935,-0.008557031487175163,12061.65752862753,-58396.764411247794,-8638650.251736335,67934.8035386408,0.12383821385607192,-0.11015954813208878,-0.020835655258604535,11611.669751939955,-56835.7379192793,-11909785.512890864,57780.56196370143,21.0,1.0,2017.0
175,0.10760879538752345,-0.10968753808422242,-0.007510246375220573,11884.127830533513,-58047.34364119922,-9101703.30092505,64709.593675735785,0.11415425919571062,-0.11078707895135152,-0.012710534151692102,11704.09600970501,-57620.97417065633,-10143530.441332206,61626.53687528311,22.0,1.0,2017.0
176,0.1165670941970844,-0.11710082666562982,-0.010564150139912626,11803.643229843921,-59244.182354357254,-10799215.88705274,60795.63345236582,0.1290174506308119,-0.11616881801184999,-0.02136284311939066,11628.518617872585,-58171.473205501665,-13286438.56411922,56131.58975731639,23.0,1.0,2017.0
177,0.10303022423543637,-0.11062388510569472,-0.0036942239160575223,11993.834206505757,-58858.83784349548,-8500211.270935148,66718.77438571177,0.11332239348651985,-0.11102040034334833,-0.012182407562074974,11666.624003819841,-57617.03449573537,-10412248.72973948,62883.567001268595,24.0,1.0,2017.0
178,0.14730770955209113,-0.12000936418528117,-0.03341543635201454,11355.925115126262,-57520.987266491546,-16608518.133941857,49133.888171273466,0.1363864127490932,-0.11831877450182657,-0.0266491590689923,11514.700541655995,-58074.99384572592,-14684650.952111289,53423.56448706179,25.0,1.0,2017.0
179,0.13749270252535847,-0.12596394211356488,-0.01957124746308511,11523.060526932259,-59727.86136424552,-14781741.898423882,51853.26488447495,0.14185201879401058,-0.12135926611545936,-0.028120713476718618,11572.246095016904,-58967.389556904505,-16131470.057269774,51098.231354433236,26.0,1.0,2017.0
180,0.15337564070649465,-0.12428945913149012,-0.03537250615984352,11569.615062693922,-59635.283814247065,-19022501.445387416,46543.68375518344,0.12089472398629997,-0.1165628651142932,-0.014494728824967676,11800.681244859352,-59112.634656988805,-11973776.497572226,59753.60708566471,27.0,1.0,2017.0
181,0.09722596825324846,-0.10508825720714027,-0.005513261350679336,12123.067288611313,-58263.1869303236,-7692068.66875228,71480.64266686079,0.11016524995764551,-0.10596710394795783,-0.014037006875467856,11758.170123942826,-56843.84996841541,-10150121.198394535,65349.05693629746,28.0,1.0,2017.0
182,0.1501576307203721,-0.1240374144794363,-0.03313076125510378,11559.800972403507,-59469.10479252215,-18095644.76269708,47919.720038910214,0.12033442475832978,-0.11428023635135633,-0.016339950717517787,11727.177261145065,-58263.27135129212,-12005782.648027092,61930.743474892595,29.0,1.0,2017.0
183,0.10999940354336056,-0.1104689215933112,-0.011377509751910398,11633.765117724783,-57062.69059274438,-9259423.695872828,63906.69841406024,0.11391807882461641,-0.10921411247008564,-0.017534682842665156,11833.626008997187,-57842.913967494,-11024699.78634049,65802.02004787973,30.0,1.0,2017.0
184,0.07660512396942554,-0.09986147387735035,0.00721025677242618,12157.630455781855,-57369.61813970064,-4670442.045784294,88666.2829575027,0.10954063789147339,-0.1079421684101337,-0.01353676321130536,11854.35401213113,-57608.97814185437,-9825099.84395156,65150.64834467255,31.0,1.0,2017.0
185,0.10328258655350835,-0.08257691996936821,-0.02384697009051924,11103.630094822869,-48892.11332705193,-7022274.545520834,64226.95194456797,0.0998305721560093,-0.10359101095109466,-0.00814796787207838,12004.244624599181,-57657.10669744394,-8348672.35027664,68805.13769469602,32.0,1.0,2017.0
186,0.11709893248064607,-0.10963004779262621,-0.01812838025619989,12483.206642598227,-60882.25375024352,-12129614.012757508,58260.82902882233,0.10693523275580995,-0.1030175709316059,-0.013618424969968805,11745.830338610398,-56044.45259886715,-9595099.382903501,68200.74947968294,33.0,1.0,2017.0
187,0.09260504526114759,-0.10066290337417917,-0.004531208089089164,11791.183614148458,-55817.708668297804,-6535947.134753868,73782.27199127625,0.11663589952179876,-0.11190824322677095,-0.015364750671102467,11897.619263665394,-58639.18211335795,-11758499.869380446,63135.9797339125,34.0,1.0,2017.0
188,0.16495743974171978,-0.12689830022999155,-0.04141094209198246,11553.640239687487,-59879.635928961754,-22054764.519706223,42847.59783820697,0.1363219682398126,-0.11880823047366561,-0.02506233435605819,11853.47047274029,-59770.198452345714,-16285821.663102672,54234.36784869391,35.0,1.0,2017.0
189,0.18422872462967493,-0.13518073232228456,-0.04956348744356263,11403.182007359812,-60683.2910278251,-27455648.30970232,38464.66840738266,0.15943344281975957,-0.12672184681795318,-0.035910446339474815,11561.916661748632,-59937.40801022389,-20427239.641118124,44129.12644578828,36.0,1.0,2017.0
190,0.11405898075372042,-0.10828375466997685,-0.01671153968821311,11486.971254973767,-56158.729631425806,-9838211.879774408,60889.08361866564,0.14312546678045188,-0.11963210135226805,-0.030432845617653307,11452.554212016157,-57964.29198778939,-17555320.19417478,54049.43359902734,37.0,1.0,2017.0
191,0.15135517058778183,-0.1297592384055725,-0.02802626163538107,11736.309626854658,-61697.540363016444,-19022077.19519699,46429.70196729439,0.15598135781827227,-0.12144620068494265,-0.03811342514130535,11475.266139468047,-58354.76038437971,-20470663.75667877,48053.615308451364,38.0,1.0,2017.0
192,0.16198771812977708,-0.12350800181829553,-0.03829413529106092,11395.800118703753,-58235.047738693465,-20204877.208451167,43110.079531863485,0.17740387285733075,-0.130132420776932,-0.048468103116043215,11458.894343904381,-60022.43527157389,-25920730.68731568,40543.9940366104,39.0,1.0,2017.0
193,0.21305568477281633,-0.13625205798617507,-0.07448792035642497,11085.57782575565,-59299.63904140928,-36553247.14614729,33808.66821595889,0.15831472369925137,-0.12286460242768285,-0.03843324521848887,11356.468940408922,-58072.02077750099,-19703110.69792933,45534.83122375294,40.0,1.0,2017.0
194,0.16097591143904985,-0.11933765439369584,-0.041794743028804184,11610.507915647404,-58409.270654044754,-20651950.098216128,43472.93755580568,0.1770908078870984,-0.12957916239250167,-0.048023551378378396,11372.988316054545,-59444.87927695479,-25370431.97091678,40616.51088070675,41.0,1.0,2017.0
195,0.1819646580580184,-0.1287973513599636,-0.051285888230646635,11274.26569290412,-58547.28996469995,-25701526.33387169,39117.593807710255,0.16786242927854256,-0.12454348983339217,-0.04484256054696619,11364.212067015278,-58256.99470384144,-22693245.748854585,43132.613719373105,42.0,1.0,2017.0
196,0.14332643276762788,-0.12060534194959845,-0.025990661523911978,11585.416683146586,-58281.64841993135,-15779122.965144439,48828.016631573664,0.16217682136470268,-0.12425536765623643,-0.04028715680217208,11106.456031924681,-56804.45925808122,-19549330.648356497,44285.376726319475,43.0,1.0,2017.0
197,0.16129597665371925,-0.1237413754230872,-0.04277985082087018,11046.542300175606,-56863.410661634625,-19430541.562927622,44856.41963212775,0.16283095791631835,-0.12229960496150402,-0.045330792646939955,10951.319513893357,-55940.4843590292,-19533854.748288542,44665.66434218359,44.0,1.0,2017.0
198,0.15238841328482286,-0.1178564131695755,-0.04046463548018657,11013.667132115299,-55153.24047552837,-16746842.572289944,47237.16973597186,0.15675347581989818,-0.12356252989456946,-0.03709131892204717,11104.757421997392,-56758.131066107184,-18053449.87263768,45755.60115078869,45.0,1.0,2017.0
199,0.1602625259812933,-0.12838880109130732,-0.032301186219131514,10962.545459167837,-56479.88589211618,-17960290.901353866,44365.910887441605,0.14805539644164234,-0.11455269342948132,-0.03735926174957385,11026.72099079169,-54442.33190987751,-15609388.84093938,47965.848001573904,46.0,1.0,2017.0
200,0.16001277282138654,-0.1271708726179851,-0.037343467283557946,10952.038315418786,-56899.69138619509,-18597146.78772929,45210.73850871132,0.16114151848208702,-0.1193476888453982,-0.04612861066066916,10977.053724784397,-55496.3227364566,-19356640.085095167,44986.162388256314,47.0,1.0,2017.0
201,0.16153145856068596,-0.11948988328133942,-0.04703583040608779,10906.655930564071,-54986.72933678551,-18764934.232760392,44851.688770723595,0.154082438428526,-0.12045916703492772,-0.037089540100013044,10916.103107485538,-55205.29642641138,-16905873.49620486,46479.79558100061,48.0,1.0,2017.0
202,0.19152592957529588,-0.1263187291139967,-0.06693455736898797,10742.68430407429,-55814.96336487072,-27208420.76162484,38207.51875902209,0.1775446530117032,-0.1248512485571246,-0.05567987746448932,10861.181971760787,-56119.78986039142,-23510842.269798733,41326.291067770755,49.0,1.0,2017.0
203,0.16365482941659015,-0.12354135921170702,-0.04699822919156349,11547.050351226964,-59529.33886333771,-22194555.724244654,44035.438290942104,0.17020632996059998,-0.12035001482117216,-0.05119974104908695,10704.229505288633,-54283.473150815444,-20888127.712570924,42838.12208640008,50.0,1.0,2017.0
204,0.13645250340140805,-0.10513837287268343,-0.03255856069631901,10605.722330550156,-50630.25371658266,-11794545.656723572,50728.739140750484,0.16302276853924666,-0.12006208572285615,-0.045227364277746096,10861.487341271828,-54853.10538210401,-18987519.564214766,44067.95339514043,51.0,1.0,2017.0
205,0.1465781741936669,-0.10967345587420976,-0.04074662064136391,11022.142877582328,-53159.78760055963,-14961498.777778557,48183.62572884989,0.15100017804649857,-0.11430843908913726,-0.0363545280901619,10563.924391183169,-52079.153356273164,-14745549.813169343,46572.47655679671,52.0,1.0,2017.0
206,0.19637122073636687,-0.12915320647804712,-0.0675044794478276,10558.945284048368,-55323.841947583795,-27681955.21896172,37336.63489764114,0.19798714467385822,-0.12550800249615535,-0.07183053330356619,10629.66056148869,-55034.04180685893,-28646217.11963077,36822.48752497919,53.0,1.0,2017.0
207,0.19283411404430945,-0.12277208468002343,-0.06796237884748284,10516.473071111302,-53788.98413561332,-25952397.644206006,37205.491937116414,0.16885799757729109,-0.11870996219597109,-0.05163993281194665,10715.58153074626,-54085.143670499114,-20672258.048597075,42986.22214611078,54.0,1.0,2017.0
208,0.15628550475679434,-0.10939814330342107,-0.044203837355035185,10123.505383831514,-49127.32046012066,-14481812.88143059,44622.77964219805,0.15862159721312813,-0.11252797114230553,-0.047089186728388584,10714.779426414596,-52526.3418175852,-17569480.69290271,45372.61893557226,55.0,1.0,2017.0
209,0.1513500959122804,-0.1152173799093663,-0.04554999521230898,11429.38110001412,-57079.94455412965,-18224093.46845001,48396.045691056526,0.12392404536156819,-0.11037812605514302,-0.026508216799863545,11679.68190389346,-57379.91206335164,-12511815.060398258,59783.76661979983,56.0,1.0,2017.0
210,0.09130718033865735,-0.10635523412472359,-0.003097738821231639,12353.64440137133,-59985.24596774194,-7172238.728024081,77352.76704239324,0.12782459142478295,-0.11015399981457473,-0.02908074941023086,11520.646462248378,-56489.74954133648,-13112048.476934727,57798.72303582305,57.0,1.0,2017.0
211,0.10089457334723138,-0.10271435749044831,-0.012520882161691836,11788.17021238817,-56386.74792385332,-7976924.622605912,69848.44650647395,0.11327155624087233,-0.10876165438097332,-0.01720788972514989,11704.379289754317,-57091.0373729491,-10330063.250931345,64877.080294732674,58.0,1.0,2017.0
212,0.11319386865973172,-0.10709881493918899,-0.01811897637808089,11713.128912024142,-56766.82242701632,-10008855.09048158,62628.85805094183,0.10109341242584943,-0.10715516999332303,-0.007283317477921629,11773.147572193142,-57074.214823933,-8082594.133825824,70678.7595373789,59.0,1.0,2017.0
213,0.0951496808660492,-0.10383663040473903,-0.004973126447687586,11742.509337150444,-56223.31004983388,-6902320.763691424,73377.72006003474,0.10385625980944115,-0.10696028269229232,-0.009381358636740299,11738.515394969736,-56888.31725599466,-8531463.138393762,68712.22927344186,60.0,1.0,2017.0
214,0.12281828040318045,-0.11889446660076619,-0.014755325800744498,11543.662737920458,-58328.70741353274,-11603859.541174656,57594.64974882283,0.1306720279758814,-0.11146410023590397,-0.028206559018935984,11379.320808725557,-56008.01711928182,-13561441.27351292,57351.920204450646,61.0,1.0,2017.0
215,0.1490542928962594,-0.11221534026517309,-0.046874610515012224,11231.269418866439,-55429.61509461857,-16987752.120810155,49043.701531701496,0.12378899058387066,-0.10892923918055755,-0.02763352744798194,11674.746713311597,-57094.75151377788,-12520131.518456008,59859.921611412385,62.0,1.0,2017.0
216,0.12992274387549135,-0.10643732926629998,-0.033441323581495756,11297.553984591224,-54694.561975289085,-12607871.534371825,54946.604317706435,0.1411587660646516,-0.11388321753618608,-0.03634472422827411,11304.255666920037,-56133.91637588527,-15509763.388874542,52717.59864915002,63.0,1.0,2017.0
217,0.13604071777318633,-0.11157192820215804,-0.03668732618128622,11723.344671926714,-57915.51430804785,-15249462.301176848,53769.44597136606,0.14454100702163902,-0.1129039754216295,-0.04230950148573281,11372.345476152863,-56338.68466745122,-16367348.015122512,50761.98912074538,64.0,1.0,2017.0
218,0.13321863225637723,-0.11127920609034914,-0.034503898729877226,11456.385909578032,-56506.49435360545,-13890198.456107374,54846.22013947812,0.14976311509258036,-0.11341701956565542,-0.045338344049095605,11275.850783219406,-55950.70586339004,-17389006.336754613,49008.65193195612,65.0,1.0,2017.0
219,0.1632514079476513,-0.11470543123188157,-0.053556794663528764,10995.215893083248,-54744.83203279336,-19718409.952968318,44503.43470186871,0.15345034058814697,-0.11650891479924584,-0.04456628360304012,11092.12698247281,-55639.75717441593,-17804615.124445375,47944.13618125912,66.0,1.0,2017.0
220,0.17771540953720996,-0.12349050353849823,-0.05585683349879014,10810.829829683875,-55407.101436908175,-22881435.63958084,40469.13926655502,0.15143937122782036,-0.11788147300463049,-0.040137204697291484,11114.008060707687,-55987.56174061532,-17348346.35240311,48482.86323673869,67.0,1.0,2017.0
221,0.1837689387917358,-0.12838731134217646,-0.05582323137659255,10816.082130267281,-56418.846390646184,-24714469.384084463,39303.58961077695,0.1565292547871077,-0.1216470857302573,-0.04033631411449869,11169.985508253574,-56997.07651901193,-19460423.057000663,47541.40185477917,68.0,1.0,2017.0
222,0.15409168813467616,-0.12197890500409932,-0.03709691727872362,11175.345843511472,-57037.42069998037,-17788662.785910487,46420.83247415419,0.17046222706425473,-0.12523181111608636,-0.04770593369324696,11105.582474577252,-57187.84797780928,-22431838.759125963,42745.35649123398,69.0,1.0,2017.0
223,0.16895943215061343,-0.12035470851905355,-0.05592001414094165,10978.339630834696,-55839.76721546171,-21546448.642750535,43392.67937803749,0.1709338790357196,-0.11927915936389127,-0.05586278782820071,10931.369629522549,-55382.97331155579,-22455107.732842673,44330.678660346806,70.0,1.0,2017.0
224,0.1574354851210428,-0.12098282658202826,-0.04310934806409584,10917.525557676223,-55750.860890815195,-18097121.3494163,46066.03780451849,0.1788433565007722,-0.12368235638819688,-0.057710656818891634,10849.160852725747,-55773.34009435146,-23862030.757840957,41100.6390455971,71.0,1.0,2017.0
225,0.22982999081780714,-0.13014917355130612,-0.09228110985530104,10356.351157752692,-54529.70596900916,-38114701.1728787,31907.021995521896,0.1867842579014639,-0.12490708798478375,-0.06530033825520534,10792.460662144149,-55815.098657279326,-26589291.715936527,39859.30796493122,72.0,1.0,2017.0
226,0.17915143489824092,-0.12401506976967272,-0.0591466023662889,10721.05658514857,-55304.01307785889,-23355186.917842824,40845.11559230979,0.1970981989790288,-0.12622098073544424,-0.07072991974565315,10661.59633219592,-55398.42703619696,-29049519.059245326,37808.757609465385,73.0,1.0,2017.0
227,0.21877354693545306,-0.13174964135871822,-0.08773106301047252,10715.55722778078,-56682.67418216806,-37169868.71661149,33938.25517099125,0.21971569060988824,-0.128791183622876,-0.08643788677476441,10493.087733516586,-55013.94194455097,-35446267.06297008,33480.73693716048,74.0,1.0,2017.0
228,0.20960139040196935,-0.12743319369444592,-0.08059466369422777,10629.82430928048,-55498.17792009277,-32777832.953061465,35054.45187879907,0.20313042459263278,-0.1282771640543482,-0.07471956240977562,10618.91891176094,-55531.03970829813,-30706026.557583913,36446.90928309724,75.0,1.0,2017.0
229,0.15949531810887876,-0.13612220267287525,-0.031635187874327814,11947.249859126945,-64696.96512629162,-22752164.05528842,44938.71769091557,0.1856420207441415,-0.12633259764970606,-0.06288024471420582,10932.59015384808,-56684.19244043145,-26231385.842419233,39689.59599460584,76.0,1.0,2017.0
230,0.1177365722242514,-0.11659523719654305,-0.00725540023664637,11701.375536043619,-59104.720546984565,-10826110.658766117,57476.50531553564,0.1547168655090711,-0.12312197047716704,-0.03393132152619973,11619.247040405075,-59573.961443792236,-19584505.039272368,46072.88171770985,77.0,1.0,2017.0
231,0.1171434575755885,-0.11726536427100316,-0.005519197937169646,12164.488451022553,-60931.221032270245,-11303060.108368138,57474.73630043976,0.13898327711793668,-0.1184525428564393,-0.024479248662212943,11599.897909712618,-58538.95396503506,-15468632.875211298,50846.593674334654,1.0,2.0,2017.0
232,0.16022998201162197,-0.12030984851633557,-0.041703097087779514,11498.420283381618,-57973.187383085555,-20111155.09165648,44216.68203313367,0.1518405971219851,-0.12197141589523611,-0.031970447099510725,11588.037449579231,-59134.33406901543,-19260360.927711774,48104.11848362385,2.0,2.0,2017.0
233,0.17159139980563698,-0.13116657189678022,-0.04229129358376076,11414.449438888498,-61010.93374255952,-24243411.23056148,40789.92331747949,0.13198953604415492,-0.11571368274045876,-0.021025996558414632,11539.241381781745,-57940.238724799725,-13880995.296118721,53679.14134189779,3.0,2.0,2017.0
234,0.16990262264343697,-0.12374609722454921,-0.046211697496089,11399.629988327628,-58380.50361725361,-22680393.726503387,41810.185219786494,0.14604055551077388,-0.11906174701945715,-0.030769737356089674,11482.302606241721,-58254.93807300793,-17389569.565346014,49616.62027698228,4.0,2.0,2017.0
235,0.12271364445605777,-0.10547217069529577,-0.022639318022047675,11604.53702892932,-55800.98026315789,-11428509.751322225,57217.18362491166,0.13319509371531685,-0.11670162491786308,-0.022659448183753574,11565.709774349143,-58318.83347543789,-14446664.723747231,54240.00420584595,5.0,2.0,2017.0
236,0.11760530485287353,-0.11704122584544704,-0.007997570478875483,11451.422973826413,-58474.750471802836,-10588967.047883162,58212.691207357384,0.14604942838644164,-0.11857160823367877,-0.03111858210983383,11407.861781198457,-57969.68711137284,-17246495.853846587,49228.79980780961,6.0,2.0,2017.0
237,0.11999004664063484,-0.11390159311808984,-0.01333201933743788,11212.830668648376,-56686.330822520344,-10633668.70699926,57097.90706906082,0.10722495693320491,-0.1077759095168355,-0.008528724160311436,11668.076396476601,-57001.55832628403,-8968745.148077143,64706.43685642432,7.0,2.0,2017.0
238,0.08516681573413337,-0.09605472785351754,-0.000802262009355917,11406.459942588006,-53825.8794117647,-5224334.369320134,76673.94138840496,0.105882206420707,-0.10304766385007326,-0.011596618673673495,11608.340564647078,-55675.117230847834,-8462055.79805188,64881.06901655033,8.0,2.0,2017.0
239,0.1833157542656546,-0.12699642551051615,-0.06063942225977926,10833.59210338493,-56440.16966759003,-25188071.45942081,40184.241491674,0.18778552581537064,-0.12645762889656095,-0.06452196526769757,10924.906512485457,-56679.3252544934,-26887691.538705796,39163.4195729766,9.0,2.0,2017.0
240,0.18778552581537064,-0.12645762889656095,-0.06452196526769757,10924.906512485457,-56679.3252544934,-26887691.538705796,39163.4195729766,0.18331484522293956,-0.12762023104508502,-0.05752832941668133,11087.472825600737,-57932.17416016458,-26211482.59789978,40401.093401946346,10.0,2.0,2017.0
241,0.1650744192908688,-0.11849737866399972,-0.05107233388462336,11123.999410036871,-56111.65496639282,-20658181.36447095,44147.86311683138,0.1879889286588346,-0.12328855540097318,-0.06460312635672807,10861.610885889528,-55648.3035352311,-26759469.800934523,39933.905934132104,11.0,2.0,2017.0
242,0.225373889226356,-0.1288649173329489,-0.0867663736479949,10445.049929854204,-54479.90688038382,-36247513.51241893,32333.551308364425,0.16368580946279432,-0.12023450825653764,-0.047064426457736716,11241.99962111926,-57041.931811362556,-21101246.666239034,45106.00105471727,12.0,2.0,2017.0
243,0.20257973604466356,-0.13027896488884896,-0.06889549272813789,11086.655822923123,-58120.89107955329,-32231879.21720945,35655.04709873352,0.17149341323387543,-0.12256407962684826,-0.04858507507842625,11258.6798037207,-57407.94013351047,-23119395.909144834,43131.19920171024,13.0,2.0,2017.0
244,0.13046715905408682,-0.11733545543355936,-0.019659132081841595,11691.619013319358,-58798.1626533189,-13438521.306000542,54164.37824555638,0.16946298482371508,-0.11953329529964996,-0.05045841944639822,11193.448289664171,-56553.973125794255,-22663250.46308358,44086.87759100031,14.0,2.0,2017.0
245,0.15080737093477717,-0.11454311997340974,-0.042521040154491756,11214.876215328924,-55785.678470816085,-17143204.351678845,48304.746921055295,0.15773167298428603,-0.11825819385412899,-0.04348988571061649,11240.564354908478,-56606.38015412839,-19593956.063944705,47717.71998413901,15.0,2.0,2017.0
246,0.1454006456369991,-0.11429450168284716,-0.03571659462962813,11409.940752621824,-56755.878443600865,-16248002.219368644,49200.551373150476,0.14598417599425217,-0.11536939411188028,-0.03483300784245169,11423.634728580302,-56911.5350893339,-17205388.525658257,51679.966862760404,16.0,2.0,2017.0
247,0.18349851567291237,-0.1262075664028512,-0.06123852416071407,10940.273795210704,-56689.059626369504,-25575080.14613267,40215.77241623508,0.1511934920379232,-0.12057295108315594,-0.03832714039428753,11453.93779988425,-58438.17720779477,-18366436.197878443,48305.32849439571,17.0,2.0,2017.0
248,0.15979396704296492,-0.12020292628963183,-0.04665255398633894,11128.6309374399,-56598.816054397736,-19440909.265272833,46010.84511778442,0.1551611790966918,-0.11921349532827975,-0.042384580024906734,11273.731032659398,-56960.432024178226,-18771021.79978273,47772.2216117787,18.0,2.0,2017.0
249,0.1346773120650719,-0.11142355539670691,-0.0324997795619916,11524.99418764123,-56671.249179673636,-14129467.119273668,53967.00424782756,0.14626740455725623,-0.11820796426379891,-0.03531136113349895,11331.903781437479,-57096.24551693189,-16737975.76067108,50742.63420995364,19.0,2.0,2017.0
250,0.11962976994370739,-0.11118398206598971,-0.017476462007521756,11548.073395675161,-56738.74932915922,-10860926.779947534,59994.919181007805,0.1293376719249843,-0.11335698886364379,-0.024397754100062057,11607.88069424617,-57488.86910962663,-13238394.466282448,56292.31734000702,20.0,2.0,2017.0
251,0.10299477570134301,-0.10644001605740935,-0.008557031487175163,12061.65752862753,-58396.764411247794,-8638650.251736335,67934.8035386408,0.12383821385607192,-0.11015954813208878,-0.020835655258604535,11611.669751939955,-56835.7379192793,-11909785.512890864,57780.56196370143,21.0,2.0,2017.0
252,0.10760879538752345,-0.10968753808422242,-0.007510246375220573,11884.127830533513,-58047.34364119922,-9101703.30092505,64709.593675735785,0.11415425919571062,-0.11078707895135152,-0.012710534151692102,11704.09600970501,-57620.97417065633,-10143530.441332206,61626.53687528311,22.0,2.0,2017.0
253,0.1165670941970844,-0.11710082666562982,-0.010564150139912626,11803.643229843921,-59244.182354357254,-10799215.88705274,60795.63345236582,0.1290174506308119,-0.11616881801184999,-0.02136284311939066,11628.518617872585,-58171.473205501665,-13286438.56411922,56131.58975731639,23.0,2.0,2017.0
254,0.10303022423543637,-0.11062388510569472,-0.0036942239160575223,11993.834206505757,-58858.83784349548,-8500211.270935148,66718.77438571177,0.11332239348651985,-0.11102040034334833,-0.012182407562074974,11666.624003819841,-57617.03449573537,-10412248.72973948,62883.567001268595,24.0,2.0,2017.0
255,0.14730770955209113,-0.12000936418528117,-0.03341543635201454,11355.925115126262,-57520.987266491546,-16608518.133941857,49133.888171273466,0.1363864127490932,-0.11831877450182657,-0.0266491590689923,11514.700541655995,-58074.99384572592,-14684650.952111289,53423.56448706179,25.0,2.0,2017.0
256,0.13749270252535847,-0.12596394211356488,-0.01957124746308511,11523.060526932259,-59727.86136424552,-14781741.898423882,51853.26488447495,0.14185201879401058,-0.12135926611545936,-0.028120713476718618,11572.246095016904,-58967.389556904505,-16131470.057269774,51098.231354433236,26.0,2.0,2017.0
257,0.15337564070649465,-0.12428945913149012,-0.03537250615984352,11569.615062693922,-59635.283814247065,-19022501.445387416,46543.68375518344,0.12089472398629997,-0.1165628651142932,-0.014494728824967676,11800.681244859352,-59112.634656988805,-11973776.497572226,59753.60708566471,27.0,2.0,2017.0
258,0.09722596825324846,-0.10508825720714027,-0.005513261350679336,12123.067288611313,-58263.1869303236,-7692068.66875228,71480.64266686079,0.11016524995764551,-0.10596710394795783,-0.014037006875467856,11758.170123942826,-56843.84996841541,-10150121.198394535,65349.05693629746,28.0,2.0,2017.0
259,0.1501576307203721,-0.1240374144794363,-0.03313076125510378,11559.800972403507,-59469.10479252215,-18095644.76269708,47919.720038910214,0.12033442475832978,-0.11428023635135633,-0.016339950717517787,11727.177261145065,-58263.27135129212,-12005782.648027092,61930.743474892595,29.0,2.0,2017.0
260,0.10999940354336056,-0.1104689215933112,-0.011377509751910398,11633.765117724783,-57062.69059274438,-9259423.695872828,63906.69841406024,0.11391807882461641,-0.10921411247008564,-0.017534682842665156,11833.626008997187,-57842.913967494,-11024699.78634049,65802.02004787973,30.0,2.0,2017.0
261,0.07660512396942554,-0.09986147387735035,0.00721025677242618,12157.630455781855,-57369.61813970064,-4670442.045784294,88666.2829575027,0.10954063789147339,-0.1079421684101337,-0.01353676321130536,11854.35401213113,-57608.97814185437,-9825099.84395156,65150.64834467255,31.0,2.0,2017.0
262,0.10328258655350835,-0.08257691996936821,-0.02384697009051924,11103.630094822869,-48892.11332705193,-7022274.545520834,64226.95194456797,0.0998305721560093,-0.10359101095109466,-0.00814796787207838,12004.244624599181,-57657.10669744394,-8348672.35027664,68805.13769469602,32.0,2.0,2017.0
263,0.11709893248064607,-0.10963004779262621,-0.01812838025619989,12483.206642598227,-60882.25375024352,-12129614.012757508,58260.82902882233,0.10693523275580995,-0.1030175709316059,-0.013618424969968805,11745.830338610398,-56044.45259886715,-9595099.382903501,68200.74947968294,33.0,2.0,2017.0
264,0.09260504526114759,-0.10066290337417917,-0.004531208089089164,11791.183614148458,-55817.708668297804,-6535947.134753868,73782.27199127625,0.11663589952179876,-0.11190824322677095,-0.015364750671102467,11897.619263665394,-58639.18211335795,-11758499.869380446,63135.9797339125,34.0,2.0,2017.0
265,0.16495743974171978,-0.12689830022999155,-0.04141094209198246,11553.640239687487,-59879.635928961754,-22054764.519706223,42847.59783820697,0.1363219682398126,-0.11880823047366561,-0.02506233435605819,11853.47047274029,-59770.198452345714,-16285821.663102672,54234.36784869391,35.0,2.0,2017.0
266,0.18422872462967493,-0.13518073232228456,-0.04956348744356263,11403.182007359812,-60683.2910278251,-27455648.30970232,38464.66840738266,0.15943344281975957,-0.12672184681795318,-0.035910446339474815,11561.916661748632,-59937.40801022389,-20427239.641118124,44129.12644578828,36.0,2.0,2017.0
267,0.11405898075372042,-0.10828375466997685,-0.01671153968821311,11486.971254973767,-56158.729631425806,-9838211.879774408,60889.08361866564,0.14312546678045188,-0.11963210135226805,-0.030432845617653307,11452.554212016157,-57964.29198778939,-17555320.19417478,54049.43359902734,37.0,2.0,2017.0
268,0.15135517058778183,-0.1297592384055725,-0.02802626163538107,11736.309626854658,-61697.540363016444,-19022077.19519699,46429.70196729439,0.15598135781827227,-0.12144620068494265,-0.03811342514130535,11475.266139468047,-58354.76038437971,-20470663.75667877,48053.615308451364,38.0,2.0,2017.0
269,0.16198771812977708,-0.12350800181829553,-0.03829413529106092,11395.800118703753,-58235.047738693465,-20204877.208451167,43110.079531863485,0.17740387285733075,-0.130132420776932,-0.048468103116043215,11458.894343904381,-60022.43527157389,-25920730.68731568,40543.9940366104,39.0,2.0,2017.0
270,0.21305568477281633,-0.13625205798617507,-0.07448792035642497,11085.57782575565,-59299.63904140928,-36553247.14614729,33808.66821595889,0.15831472369925137,-0.12286460242768285,-0.03843324521848887,11356.468940408922,-58072.02077750099,-19703110.69792933,45534.83122375294,40.0,2.0,2017.0
271,0.16097591143904985,-0.11933765439369584,-0.041794743028804184,11610.507915647404,-58409.270654044754,-20651950.098216128,43472.93755580568,0.1770908078870984,-0.12957916239250167,-0.048023551378378396,11372.988316054545,-59444.87927695479,-25370431.97091678,40616.51088070675,41.0,2.0,2017.0
272,0.1819646580580184,-0.1287973513599636,-0.051285888230646635,11274.26569290412,-58547.28996469995,-25701526.33387169,39117.593807710255,0.16786242927854256,-0.12454348983339217,-0.04484256054696619,11364.212067015278,-58256.99470384144,-22693245.748854585,43132.613719373105,42.0,2.0,2017.0
273,0.14332643276762788,-0.12060534194959845,-0.025990661523911978,11585.416683146586,-58281.64841993135,-15779122.965144439,48828.016631573664,0.16217682136470268,-0.12425536765623643,-0.04028715680217208,11106.456031924681,-56804.45925808122,-19549330.648356497,44285.376726319475,43.0,2.0,2017.0
274,0.16129597665371925,-0.1237413754230872,-0.04277985082087018,11046.542300175606,-56863.410661634625,-19430541.562927622,44856.41963212775,0.16283095791631835,-0.12229960496150402,-0.045330792646939955,10951.319513893357,-55940.4843590292,-19533854.748288542,44665.66434218359,44.0,2.0,2017.0
275,0.15238841328482286,-0.1178564131695755,-0.04046463548018657,11013.667132115299,-55153.24047552837,-16746842.572289944,47237.16973597186,0.15675347581989818,-0.12356252989456946,-0.03709131892204717,11104.757421997392,-56758.131066107184,-18053449.87263768,45755.60115078869,45.0,2.0,2017.0
276,0.1602625259812933,-0.12838880109130732,-0.032301186219131514,10962.545459167837,-56479.88589211618,-17960290.901353866,44365.910887441605,0.14805539644164234,-0.11455269342948132,-0.03735926174957385,11026.72099079169,-54442.33190987751,-15609388.84093938,47965.848001573904,46.0,2.0,2017.0
277,0.16001277282138654,-0.1271708726179851,-0.037343467283557946,10952.038315418786,-56899.69138619509,-18597146.78772929,45210.73850871132,0.16114151848208702,-0.1193476888453982,-0.04612861066066916,10977.053724784397,-55496.3227364566,-19356640.085095167,44986.162388256314,47.0,2.0,2017.0
278,0.16153145856068596,-0.11948988328133942,-0.04703583040608779,10906.655930564071,-54986.72933678551,-18764934.232760392,44851.688770723595,0.154082438428526,-0.12045916703492772,-0.037089540100013044,10916.103107485538,-55205.29642641138,-16905873.49620486,46479.79558100061,48.0,2.0,2017.0
279,0.19152592957529588,-0.1263187291139967,-0.06693455736898797,10742.68430407429,-55814.96336487072,-27208420.76162484,38207.51875902209,0.1775446530117032,-0.1248512485571246,-0.05567987746448932,10861.181971760787,-56119.78986039142,-23510842.269798733,41326.291067770755,49.0,2.0,2017.0
280,0.16365482941659015,-0.12354135921170702,-0.04699822919156349,11547.050351226964,-59529.33886333771,-22194555.724244654,44035.438290942104,0.17020632996059998,-0.12035001482117216,-0.05119974104908695,10704.229505288633,-54283.473150815444,-20888127.712570924,42838.12208640008,50.0,2.0,2017.0
281,0.13645250340140805,-0.10513837287268343,-0.03255856069631901,10605.722330550156,-50630.25371658266,-11794545.656723572,50728.739140750484,0.16302276853924666,-0.12006208572285615,-0.045227364277746096,10861.487341271828,-54853.10538210401,-18987519.564214766,44067.95339514043,51.0,2.0,2017.0
282,0.1465781741936669,-0.10967345587420976,-0.04074662064136391,11022.142877582328,-53159.78760055963,-14961498.777778557,48183.62572884989,0.15100017804649857,-0.11430843908913726,-0.0363545280901619,10563.924391183169,-52079.153356273164,-14745549.813169343,46572.47655679671,52.0,2.0,2017.0
283,0.19637122073636687,-0.12915320647804712,-0.0675044794478276,10558.945284048368,-55323.841947583795,-27681955.21896172,37336.63489764114,0.19798714467385822,-0.12550800249615535,-0.07183053330356619,10629.66056148869,-55034.04180685893,-28646217.11963077,36822.48752497919,53.0,2.0,2017.0
284,0.19283411404430945,-0.12277208468002343,-0.06796237884748284,10516.473071111302,-53788.98413561332,-25952397.644206006,37205.491937116414,0.16885799757729109,-0.11870996219597109,-0.05163993281194665,10715.58153074626,-54085.143670499114,-20672258.048597075,42986.22214611078,54.0,2.0,2017.0
285,0.15628550475679434,-0.10939814330342107,-0.044203837355035185,10123.505383831514,-49127.32046012066,-14481812.88143059,44622.77964219805,0.15862159721312813,-0.11252797114230553,-0.047089186728388584,10714.779426414596,-52526.3418175852,-17569480.69290271,45372.61893557226,55.0,2.0,2017.0
286,0.1513500959122804,-0.1152173799093663,-0.04554999521230898,11429.38110001412,-57079.94455412965,-18224093.46845001,48396.045691056526,0.12392404536156819,-0.11037812605514302,-0.026508216799863545,11679.68190389346,-57379.91206335164,-12511815.060398258,59783.76661979983,56.0,2.0,2017.0
287,0.09130718033865735,-0.10635523412472359,-0.003097738821231639,12353.64440137133,-59985.24596774194,-7172238.728024081,77352.76704239324,0.12782459142478295,-0.11015399981457473,-0.02908074941023086,11520.646462248378,-56489.74954133648,-13112048.476934727,57798.72303582305,57.0,2.0,2017.0
288,0.10089457334723138,-0.10271435749044831,-0.012520882161691836,11788.17021238817,-56386.74792385332,-7976924.622605912,69848.44650647395,0.11327155624087233,-0.10876165438097332,-0.01720788972514989,11704.379289754317,-57091.0373729491,-10330063.250931345,64877.080294732674,58.0,2.0,2017.0
289,0.11319386865973172,-0.10709881493918899,-0.01811897637808089,11713.128912024142,-56766.82242701632,-10008855.09048158,62628.85805094183,0.10109341242584943,-0.10715516999332303,-0.007283317477921629,11773.147572193142,-57074.214823933,-8082594.133825824,70678.7595373789,59.0,2.0,2017.0
290,0.0951496808660492,-0.10383663040473903,-0.004973126447687586,11742.509337150444,-56223.31004983388,-6902320.763691424,73377.72006003474,0.10385625980944115,-0.10696028269229232,-0.009381358636740299,11738.515394969736,-56888.31725599466,-8531463.138393762,68712.22927344186,60.0,2.0,2017.0
291,0.12281828040318045,-0.11889446660076619,-0.014755325800744498,11543.662737920458,-58328.70741353274,-11603859.541174656,57594.64974882283,0.1306720279758814,-0.11146410023590397,-0.028206559018935984,11379.320808725557,-56008.01711928182,-13561441.27351292,57351.920204450646,61.0,2.0,2017.0
292,0.1490542928962594,-0.11221534026517309,-0.046874610515012224,11231.269418866439,-55429.61509461857,-16987752.120810155,49043.701531701496,0.12378899058387066,-0.10892923918055755,-0.02763352744798194,11674.746713311597,-57094.75151377788,-12520131.518456008,59859.921611412385,62.0,2.0,2017.0
293,0.12992274387549135,-0.10643732926629998,-0.033441323581495756,11297.553984591224,-54694.561975289085,-12607871.534371825,54946.604317706435,0.1411587660646516,-0.11388321753618608,-0.03634472422827411,11304.255666920037,-56133.91637588527,-15509763.388874542,52717.59864915002,63.0,2.0,2017.0
294,0.13604071777318633,-0.11157192820215804,-0.03668732618128622,11723.344671926714,-57915.51430804785,-15249462.301176848,53769.44597136606,0.14454100702163902,-0.1129039754216295,-0.04230950148573281,11372.345476152863,-56338.68466745122,-16367348.015122512,50761.98912074538,64.0,2.0,2017.0
295,0.13321863225637723,-0.11127920609034914,-0.034503898729877226,11456.385909578032,-56506.49435360545,-13890198.456107374,54846.22013947812,0.14976311509258036,-0.11341701956565542,-0.045338344049095605,11275.850783219406,-55950.70586339004,-17389006.336754613,49008.65193195612,65.0,2.0,2017.0
296,0.1632514079476513,-0.11470543123188157,-0.053556794663528764,10995.215893083248,-54744.83203279336,-19718409.952968318,44503.43470186871,0.15345034058814697,-0.11650891479924584,-0.04456628360304012,11092.12698247281,-55639.75717441593,-17804615.124445375,47944.13618125912,66.0,2.0,2017.0
297,0.17771540953720996,-0.12349050353849823,-0.05585683349879014,10810.829829683875,-55407.101436908175,-22881435.63958084,40469.13926655502,0.15143937122782036,-0.11788147300463049,-0.040137204697291484,11114.008060707687,-55987.56174061532,-17348346.35240311,48482.86323673869,67.0,2.0,2017.0
298,0.1837689387917358,-0.12838731134217646,-0.05582323137659255,10816.082130267281,-56418.846390646184,-24714469.384084463,39303.58961077695,0.1565292547871077,-0.1216470857302573,-0.04033631411449869,11169.985508253574,-56997.07651901193,-19460423.057000663,47541.40185477917,68.0,2.0,2017.0
299,0.15409168813467616,-0.12197890500409932,-0.03709691727872362,11175.345843511472,-57037.42069998037,-17788662.785910487,46420.83247415419,0.17046222706425473,-0.12523181111608636,-0.04770593369324696,11105.582474577252,-57187.84797780928,-22431838.759125963,42745.35649123398,69.0,2.0,2017.0
300,0.16895943215061343,-0.12035470851905355,-0.05592001414094165,10978.339630834696,-55839.76721546171,-21546448.642750535,43392.67937803749,0.1709338790357196,-0.11927915936389127,-0.05586278782820071,10931.369629522549,-55382.97331155579,-22455107.732842673,44330.678660346806,70.0,2.0,2017.0
301,0.1574354851210428,-0.12098282658202826,-0.04310934806409584,10917.525557676223,-55750.860890815195,-18097121.3494163,46066.03780451849,0.1788433565007722,-0.12368235638819688,-0.057710656818891634,10849.160852725747,-55773.34009435146,-23862030.757840957,41100.6390455971,71.0,2.0,2017.0
302,0.22982999081780714,-0.13014917355130612,-0.09228110985530104,10356.351157752692,-54529.70596900916,-38114701.1728787,31907.021995521896,0.1867842579014639,-0.12490708798478375,-0.06530033825520534,10792.460662144149,-55815.098657279326,-26589291.715936527,39859.30796493122,72.0,2.0,2017.0
303,0.17915143489824092,-0.12401506976967272,-0.0591466023662889,10721.05658514857,-55304.01307785889,-23355186.917842824,40845.11559230979,0.1970981989790288,-0.12622098073544424,-0.07072991974565315,10661.59633219592,-55398.42703619696,-29049519.059245326,37808.757609465385,73.0,2.0,2017.0
304,0.21877354693545306,-0.13174964135871822,-0.08773106301047252,10715.55722778078,-56682.67418216806,-37169868.71661149,33938.25517099125,0.21971569060988824,-0.128791183622876,-0.08643788677476441,10493.087733516586,-55013.94194455097,-35446267.06297008,33480.73693716048,74.0,2.0,2017.0
305,0.20960139040196935,-0.12743319369444592,-0.08059466369422777,10629.82430928048,-55498.17792009277,-32777832.953061465,35054.45187879907,0.20313042459263278,-0.1282771640543482,-0.07471956240977562,10618.91891176094,-55531.03970829813,-30706026.557583913,36446.90928309724,75.0,2.0,2017.0
306,0.15949531810887876,-0.13612220267287525,-0.031635187874327814,11947.249859126945,-64696.96512629162,-22752164.05528842,44938.71769091557,0.1856420207441415,-0.12633259764970606,-0.06288024471420582,10932.59015384808,-56684.19244043145,-26231385.842419233,39689.59599460584,76.0,2.0,2017.0
307,0.1177365722242514,-0.11659523719654305,-0.00725540023664637,11701.375536043619,-59104.720546984565,-10826110.658766117,57476.50531553564,0.1547168655090711,-0.12312197047716704,-0.03393132152619973,11619.247040405075,-59573.961443792236,-19584505.039272368,46072.88171770985,77.0,2.0,2017.0
